4335, 9412, 15037, 15052, 11554,
	9302, 5161, 2648, 4650, 18,
	3432, 5024, 13498, 17824, 11180,
	6737, 5411, 1724, 7391, 3009,
	3722, 4615, 4653, 2086, 1931,
	-1798, -4311, -2024, -2350, -3982,
	2704, 3992, 1411, -555, 905,
	-3766, -3680, -805, -3622, -4292,
	2087, 3984, 11022, 9569, 5613,
	4592, 5924, 5507, 5054, 1402,
	-300, -1290, -3743, -2448, 774,
	-175, -1127, 965, -1305, -2191,
	-45, -616, -905, -899, 1688,
	723, -2387, -3065, -1783, -2348,
	-578, -1702, -2267, -3566, 576,
	-433, -5487, -7252, -3661, -3255,
	-1110, 3449, 2661, 3489, 11791,
	11100, 10224, 8505, 2235, -656,
	2519, 3234, 3629, 5265, 10119,
	8276, 6175, 4841, -18, -812,
	-72, -219, -168, -1569, 5344,
	7263, 2724, 328, 709, -987,
	-68, -183, 217, 333, 4888,
	8956, 4375, 1313, 1401, -495,
	-137, 1981, 7032, 9113, 9224,
	8281, 10757, 8634, 4640, 337,
	-693, -1694, -2051, -2114, 3419,
	495, 3115, 3718, 2310, -399,
	-575, 322, 126, 3970, 3738,
	2388, 1411, 415, 224, -1931,
	-3319, -3661, -7445, 1118, 608,
	-2111, -1632, -2130, -109, -735,
	-945, -1641, 9026, 7997, 9107,
	5873, 1866, 648, 198, -1021,
	-1493, -153, 11860, 8442, 8702,
	4733, 701, 151, 2, -1696,
	-41, 221, 727, 1774, 4547,
	-2639, -4582, -1672, -2673, -2808,
	85, 144, 756, 2119, 5663,
	-1385, -4821, -1183, -3621, -2650,
	849, 3330, 15077, 7541, 4257,
	2758, 1456, 562, -668, -2238,
	427, -345, 1810, 111, -1351,
	-1420, 155, -1298, -1510, -1730,
	795, 564, 1655, 1238, 6,
	-850, -6440, -6466, -2649, -2556,
	692, 430, 1611, 213, 555,
	-172, -5000, -5980, -2605, -3011,
	-630, -859, 1476, 6632, 7009,
	6093, 3557, 4538, 1934, 394,
	1399, 3516, 6550, 8439, 6923,
	4597, 3543, 3149, 1584, -1214,
	514, 425, -605, 1860, 8299,
	2495, 2507, 1642, 1849, 93,
	330, 517, -1131, 1485, 7219,
	1677, 989, 856, 396, -952,
	-2463, -3815, 2322, 4102, 2134,
	4032, 3600, 1161, 2083, 449,
	-432, -633, -151, 172, -2178,
	-1349, -2264, -2601, -33, -1212,
	-580, 370, 1017, 3223, 2273,
	964, 1963, 511, 146, -1068,
	-2402, -1635, -1498, -4313, 154,
	1217, 401, -227, -291, -920,
	2181, 4577, 8703, 11214, 8471,
	8382, 3152, -268, -786, -3039,
	291, 78, 1850, 2095, 1207,
	3404, 845, -1234, -38, -1694,
	-362, -957, 392, -1745, -191,
	3389, -10, -2003, -4442, -2529,
	-431, -973, -324, -2263, -2651,
	1895, -406, -3013, -4685, -1955,
	-760, 552, 8138, 2025, 1805,
	2866, 891, 1144, 1114, -817,
	-685, -958, -1724, -3114, -3077,
	-1793, -2624, -1004, -386, -1138,
	13, -287, -404, -1447, -984,
	-701, -959, -466, -979, -2909,
	-94, -330, -947, -3197, -4437,
	-3864, -4968, -2515, -2276, -2710,
	-41, -861, -2490, 5704, 4429,
	6588, 6155, 6159, 2124, 209,
	151, 287, -696, 3621, 3860,
	4424, 5345, 3503, -152, -884,
	73, -88, 666, -539, 184,
	4990, -671, 391, 2688, 611,
	106, 22, 305, -699, 26,
	4537, -400, 581, 2576, 536,
	-675, -1040, -382, 744, 232,
	1036, 3485, 4237, 844, -347,
	-1230, -2128, -2388, -2284, -1558,
	-769, 2724, 4855, 446, -514,
	-618, -956, 574, -1059, -140,
	-2068, 236, 1508, 382, -506,
	-736, -1398, 671, -1119, -1641,
	-3173, -521, 1401, 393, -707,
	-1307, -1145, 5413, 3103, -310,
	433, 459, -642, 498, -319,
	4436, 1915, 5899, 4002, 131,
	-1173, 457, -1439, 556, -1381,
	355, 776, 1764, 3426, -986,
	-1938, 543, 434, -207, -1336,
	-118, -5, 721, 1245, -4277,
	-5616, 7, -148, -1104, -1148,
	49, 454, 5868, 2583, -1135,
	-1033, 1178, 2565, 631, -1033,
	-321, 627, 4947, 990, -537,
	-829, 1177, 2348, 1024, -574,
	140, 44, 478, -606, -4553,
	912, 989, -1137, -1246, -1992,
	128, -27, 695, -107, -6482,
	-249, 289, -1339, -972, -1513,
	1386, 1115, -824, 2219, -93,
	-250, 417, -1983, 1677, 523,
	1535, 1357, -479, 3238, 571,
	821, 1735, 322, 3278, 1168,
	29, 209, 632, 57, 429,
	-315, 925, 535, 3653, 1176,
	93, 378, 757, 396, 261,
	-481, 597, 625, 4347, 1456,
	-189, -542, -799, -241, -730,
	-1036, 2893, -386, 1172, 338,
	-297, -557, -1137, -543, -669,
	-1295, 3496, -258, 1650, 700,
	197, 638, 572, 48, -1668,
	-2882, 1284, 1627, 1252, -851,
	320, 650, 164, -108, -1441,
	-2695, 2845, 2005, 1450, -495,
	2405, 5765, 14017, 11083, 10556,
	4883, 2782, 1911, 2165, -1003,
	2044, 353, -1368, -411, -504,
	-4912, -1392, -3025, -1590, -1785,
	-898, -841, 3986, 4151, 384,
	2935, 1372, -791, 281, -1036,
	527, 538, -631, -494, -906,
	-3884, -3402, -6786, -5213, -4455,
	-1744, -1014, 3406, 7654, 5893,
	4559, 1796, 2070, 912, 445,
	4493, 4433, 1715, -277, -2330,
	-5496, -6722, -7391, -3031, -2817,
	275, 289, 2928, 5597, 456,
	47, 2665, 1679, 1539, 1030,
	963, 527, -2506, -3826, -10028,
	-10945, -5069, -4597, -1747, -773,
	-824, -476, 5846, 8631, 9716,
	7757, 9989, 4453, 2866, -91,
	-551, -774, 1495, 7404, 4396,
	5216, 7100, 2886, 4678, 1319,
	-236, -672, -34, 1552, 2089,
	2152, 1442, 1110, 2503, -279,
	-305, -948, 500, 3279, 2369,
	2867, 1628, 854, 2325, -114,
	991, 2617, 4247, 2196, 5997,
	6507, 8086, 5868, 3107, 268,
	-205, -509, -307, 48, -650,
	-1778, 920, -122, 1286, -720,
	-548, -595, -267, 556, 1344,
	2551, 4384, 5688, 3260, 826,
	170, 358, -705, -848, -1721,
	-2960, -1281, -5, 571, -753,
	-744, -1435, 8431, 9720, 2927,
	2049, 2903, 2256, -4, -881,
	221, 371, -438, 3062, 2405,
	402, -1944, -1605, -1154, -2126,
	-213, -186, -204, 709, 2005,
	804, -2694, -2691, 339, -1661,
	-294, -150, -625, 1398, 1819,
	-568, -4474, -5653, 116, -1351,
	392, 245, 583, 1866, 1350,
	282, -833, -3905, -6642, -3221,
	404, 345, 1075, 2082, 1850,
	1849, 864, -2863, -5785, -2641,
	414, 427, 376, -129, -256,
	-943, -1472, -7367, -372, -1753,
	325, 447, 529, 655, -38,
	-655, -464, -5439, -509, -1532,
	522, 860, 37, 2608, 3267,
	2569, 1177, 639, -721, -2075,
	1150, 1441, -94, 5754, 4496,
	3761, 1858, 1324, -746, -2803,
	292, 27, 2369, 2478, 2000,
	1014, -1201, -1903, 1112, -898,
	212, -175, 1806, 2478, 1471,
	2062, -973, -1421, 761, -1081,
	-83, -298, -505, -455, 518,
	5443, 2614, -400, -1874, -1671,
	7, -342, -253, -642, -622,
	5145, 3196, -47, -1113, -1118,
	-1344, -2550, 3634, -504, 57,
	862, 498, -622, -538, -1793,
	-1155, -2065, 2429, -187, 1558,
	2155, 1574, -140, 382, -1177,
	4350, 6892, 6428, 2108, -532,
	137, 1088, 92, -1594, -2775,
	1826, 882, -512, -2788, -3138,
	-2580, -2362, -1853, -1281, -2344,
	-224, -101, -673, 1440, -12,
	1483, 742, -3594, 334, 123,
	-135, 142, -650, 615, 313,
	1064, 281, -4213, -1288, -764,
	64, 594, 3178, -878, 211,
	549, 1123, -1058, -1373, -2246,
	-64, 145, 3117, -1996, 465,
	203, -409, -1574, -983, -2167,
	593, 847, 58, 637, -44,
	-1744, -1614, -2184, -740, -1181,
	527, 732, -381, -1231, -1085,
	-3689, -2676, -2668, -1038, -980,
	1355, 1496, 3216, 1617, -318,
	3816, 3232, 1620, 566, -1536,
	977, 990, 1721, 201, -1027,
	2282, 1683, 317, 164, -1595,
	-139, -69, -279, 83, -1951,
	1649, 1569, 1104, 800, -588,
	-57, 60, 43, 229, -1654,
	2722, 1310, 842, 759, -422,
	-77, 330, 611, -340, 318,
	-744, 943, 4990, 681, -1460,
	-137, 280, 600, -235, 281,
	-1082, 515, 5105, 1248, -1243,
	698, 945, 1229, -1208, -1317,
	-71, -309, 372, -69, -1366,
	802, 1126, 1440, -899, -867,
	-307, 79, 844, 570, -1054,
	515, 537, 746, 3151, -1072,
	7, -226, -2316, 487, -1480,
	460, 605, 666, 3494, -1449,
	-328, -1026, -2988, 569, -1487,
	-305, -1095, -872, 2044, -2085,
	302, 267, 487, 1499, -251,
	-337, -924, -888, 1806, -2394,
	-652, -283, -468, 1002, -260,
	511, 1081, 161, 183, 987,
	834, 1462, 559, -3722, -3056,
	529, 1089, 259, -321, 221,
	381, 481, 411, -3878, -3344,
	3, -100, 276, -193, -788,
	-823, 239, -898, 739, -891,
	-34, -134, 259, -188, -909,
	-755, 443, -1330, 1197, -699,
	98, 162, 769, 1380, 561,
	-176, 2207, -911, -780, -1255,
	55, 219, 701, 1222, 768,
	-242, 3228, -270, -948, -947,
	112, -7, -390, 508, 626,
	201, -680, 1128, 1036, -1700,
	200, 80, -256, 720, 876,
	522, -702, 478, 1022, -1671,
	84, 200, -625, 135, -333,
	-1026, 1117, 1727, -901, -2171,
	69, 165, -635, 581, -348,
	-1232, 774, 1706, -1535, -2433,
	-271, -450, 735, 357, 41,
	479, -566, 280, -829, -2697,
	-217, -519, 660, 184, 82,
	318, -468, 421, -1062, -2567,
	3497, 7383, 15066, 7140, 6776,
	2148, -1762, -3113, -4412, -4415,
	245, 1572, 11660, 6482, 4902,
	2124, 454, 121, -2468, -3701,
	7017, 8405, 4141, -1340, -4322,
	-7067, -6096, -4742, -379, -1514,
	908, 1807, 7564, 2539, 2260,
	176, -627, 1156, 1009, 82,
	717, 849, -1750, 2873, 3140,
	3686, 3065, 2530, -718, -2552,
	-236, -636, -6790, -4727, -244,
	456, 401, -395, -3209, -2732,
	-2, -546, -6969, -4767, -993,
	-1278, -4445, -4495, -4318, -2457,
	113, 753, -5951, -4292, 695,
	-558, -1530, -2913, -3606, -1469,
	-269, -831, 6490, 7676, 8846,
	4577, 39, 637, -489, -1317,
	-455, -888, 2518, 2915, 6775,
	6855, 3089, 3883, 3021, 584,
	120, 550, 535, -763, 5119,
	3969, -1192, -1575, -1829, -2289,
	5, 338, -367, -3361, 7420,
	4676, -477, -406, -1496, -1993,
	-292, -47, 140, -2533, 10378,
	5166, 5007, 6756, 600, -1315,
	-288, -39, 224, -2327, 8457,
	5026, 5062, 5457, 1521, -1486,
	-1435, -2806, -2514, -4555, 2368,
	3840, -1158, -1355, -1426, -1560,
	-583, -1637, -694, -1185, 1842,
	3303, -658, -1219, -2201, -1891,
	-528, -810, -935, 1256, 1869,
	193, -461, -1366, -13, -333,
	-1194, -1690, 5149, 7560, 3717,
	1258, -2389, -2400, -409, -1285,
	-1533, -2928, -1779, -1544, 284,
	-2631, -6709, -6220, -3130, -1590,
	-360, -955, -456, -729, 588,
	-1653, -4200, -4794, -2162, -1736,
	-1369, -1555, 114, 744, 1715,
	-892, -1388, -1489, -579, -2196,
	-3445, -4635, 308, 539, 1549,
	-1955, -2178, -343, -1992, -2255,
	-334, -1016, -1188, -2945, -3392,
	-10454, -10782, -11001, -6274, -3689,
	-233, -579, -379, -1987, -157,
	-4502, -5490, -5339, -5035, -2142,
	505, 2273, 1896, 1009, 4724,
	2505, 309, -1791, 69, -1327,
	-224, 4417, 7641, 7039, 13031,
	8042, 3939, 1301, 1418, -1278,
	20, -935, -1633, 1753, 5295,
	3139, -2233, -3342, -5057, -3559,
	22, -655, -1842, 2052, 6375,
	3459, -1470, -2513, -4760, -4378,
	-5325, -6143, -1027, -963, 832,
	981, 1289, 2016, 253, -851,
	-2104, -2112, 199, -895, -761,
	-1391, -864, 358, -520, -1578,
	-388, -2108, -6960, 67, 2300,
	-57, -3362, -1582, -1014, -1766,
	-460, -2113, -2113, 1410, 2753,
	1017, -1665, -949, 69, -1518,
	311, 596, 5699, 8343, 1906,
	-2375, -1906, -2239, -666, -1975,
	68, 331, -167, -1784, -982,
	-2004, -1607, -1681, 19, -1518,
	582, 304, -350, 2019, 667,
	-1185, -3523, -2763, -2351, -4083,
	-277, -1161, -5749, -775, -152,
	-2726, -2125, -1522, -2061, -2799,
	317, 673, -677, -27, 1221,
	-185, 500, 511, -737, -851,
	-25, 506, -3162, -8206, -806,
	-3098, -1725, -270, -953, -532,
	222, 38, -28, -744, -364,
	-1605, -8444, -791, -1569, -1993,
	70, 51, -119, -748, -509,
	-1611, -8193, -1139, -1156, -1908,
	-544, -1789, -5739, 2767, 3235,
	1177, 1753, 2793, 2747, 654,
	-11, -1272, -8273, -875, 1131,
	843, 1856, 3110, 3653, 1370,
	1208, 1676, -2061, -133, 1709,
	2651, -243, -145, 1128, -1357,
	1201, 2504, -3462, -710, 2118,
	2138, -1379, -1544, -509, -2296,
	193, -30, -2688, -2486, -60,
	2662, 2780, 952, 829, -165,
	93, -143, -4306, -5841, 377,
	3491, 3409, 2469, 1678, 808,
	-737, -1239, -3077, -3462, -818,
	856, -190, -1925, -1604, -1119,
	-321, -673, -3656, -4685, -3490,
	-1234, -1244, -2665, -1107, -1374,
	-2406, -3972, -3760, -283, -2337,
	-4179, -3962, -3275, -1938, -2643,
	-780, -1336, -317, 1642, 52,
	-1634, -1592, -1729, 85, -1705,
	-381, -1871, -1541, 290, -3490,
	-2430, -1183, -2193, -444, -1605,
	-909, -3815, -4014, -31, -5806,
	-4527, -1719, -1487, -748, -843,
	578, 1408, 539, 2050, 795,
	-6410, 1006, 1313, -1154, -1228,
	429, 1141, 509, 1086, 651,
	-6274, 1528, 1184, -1696, -1245,
	-228, -52, 924, 1336, -4421,
	-3947, -3863, -6160, -5671, -2670,
	32, 253, 1066, 1541, -3113,
	-3738, -2935, -4715, -4320, -2002,
	14, 0, -3793, 2711, 372,
	-2812, -265, -1855, 906, -227,
	38, 137, -4476, 3721, 1186,
	-1602, 247, -1263, 795, -400,
	-326, -878, -131, -852, 702,
	13, -2724, -2987, 1166, 362,
	-271, -650, 37, -919, 1051,
	553, -1925, -1202, 2151, 738,
	163, 567, -1258, 87, 2355,
	-770, 126, -150, 198, -1171,
	-46, 201, -2404, -3293, 1880,
	-1600, 189, 468, -339, -867,
	-80, 284, -773, -4139, -1491,
	-3311, 303, -420, -1215, -1605,
	-19, 265, -192, -2255, -912,
	-2322, 170, -317, -318, -1135,
	5617, 11574, 7276, 4087, 4325,
	3308, 3553, 756, -85, -1595,
	690, 86, 468, 1415, 2605,
	1936, 2015, -443, -612, -2228,
	23, -48, 693, 557, -1470,
	-9977, -6347, -1976, -294, -742,
	190, 76, 312, 959, -546,
	-7029, -5481, -2919, -372, -856,
	-1067, -2055, 1159, 640, 3430,
	2150, 6455, 4600, 834, 390,
	5607, 5645, 1882, -984, 856,
	-1715, -888, -2044, -2656, -2692,
	16, -23, -1143, -735, -743,
	-6129, -110, -1472, 577, -362,
	47, 77, -1136, -501, -486,
	-7369, 125, -736, 633, -125,
	-1550, -2828, 2751, 12039, 4470,
	5969, 4770, 3172, 4018, 865,
	-931, -2253, -2205, 6092, 622,
	-387, 1541, 880, 2610, 604,
	-1722, 2517, -39, 1442, 396,
	-216, 477, 68, 979, -465,
	-4971, 468, 600, 1035, 914,
	905, 316, 1249, 1101, 18,
	311, 493, -228, -496, 2025,
	785, 4887, 2095, 1360, -525,
	565, 802, -70, 189, 2155,
	421, 6456, 3206, 1281, -1220,
	-1356, -3206, -3712, -667, 516,
	-1024, 2748, 1342, 2328, 665,
	-839, -1561, -958, 158, 1082,
	117, 3458, 1294, 1480, 120,
	3629, 3429, 2664, 6871, 529,
	-2033, -2149, -2549, -2214, -3315,
	2208, 2115, 1886, 6894, 1690,
	255, -1580, -2006, -2745, -3988,
	-10, -337, 399, 2318, -1015,
	-2294, -3147, -2936, 162, -324,
	-433, -1151, -773, 2539, -2708,
	-4425, -5455, -5530, -334, -487,
	-384, -786, 200, 3380, 623,
	-1047, -1820, -928, -2594, -3093,
	-1, -135, 932, 5588, 946,
	-73, -413, -150, -2270, -3414,
	435, 1014, -1540, 2276, -154,
	-4098, -4960, -8547, -2335, -1559,
	478, 935, -361, 2440, 1193,
	-1991, -3454, -7572, -3156, -1349,
	253, 1008, 9284, 11321, 3944,
	-168, -1281, 274, 1030, -1344,
	208, -655, 1885, 9443, 4127,
	-113, 100, 723, -514, -2178,
	-62, -125, -66, 2885, 3053,
	-1755, -141, 383, 553, -845,
	-58, -9, 42, 3092, 2506,
	-3044, -816, -538, 650, -743,
	305, 116, 1387, 7380, 1106,
	1233, 2588, 1373, 1781, -130,
	103, 72, 262, 3972, 937,
	-60, 1407, 226, 1053, -488,
	-1779, -3720, -3013, 3164, 3030,
	1963, -676, -2051, -138, -1718,
	-896, -2159, -2724, 2021, 1713,
	-576, -2248, -2495, -604, -1496,
	4429, 5382, 3017, 1147, 1172,
	501, -111, -824, 382, -1115,
	-609, -1423, -505, -894, -446,
	-257, -485, -1121, -614, -1443,
	-184, -325, -28, 348, 481,
	-4595, -851, -331, -119, -1018,
	23, -101, 470, 705, 1144,
	-1374, -281, 444, -167, -1002,
	639, 2200, 845, -610, 1922,
	469, -2899, -1045, -510, -2580,
	528, 1871, 383, -2157, 1021,
	-137, -3217, -2574, -564, -2619,
	51, -59, 301, 499, -518,
	-483, -3530, 1485, 949, -386,
	98, -44, 277, 358, -409,
	-1098, -3927, 1418, 914, -560,
	7, -223, 1028, 3191, 5433,
	6013, 2213, 1073, 321, -1333,
	40, -249, 198, -704, 388,
	961, 399, -599, 434, -489,
	-509, -877, -1019, 239, 1941,
	1416, 265, -300, -467, -966,
	-675, -1190, -1797, 97, 2367,
	949, 57, -357, -376, -952,
	-68, -442, -679, -3131, 1412,
	1868, 1505, 2396, 1641, -1001,
	163, 28, -695, -2151, 941,
	1234, 931, 1062, 1080, -1389,
	33, 321, -876, -661, -989,
	751, -104, 33, 1145, 228,
	-79, 283, -1225, -1342, -1658,
	-156, -745, -457, 1786, 464,
	521, 1298, 1939, 1271, 248,
	-1832, -2521, -252, -1035, -1788,
	858, 1732, 1712, 2703, 398,
	-1259, -1807, -610, -353, -1586,
	-440, -1026, -315, 1648, -220,
	-622, -900, -259, -1472, -1748,
	-1187, -3731, -1113, 2736, -328,
	-658, 897, 1112, 554, -655,
	-135, -130, -382, 411, -41,
	-1071, -699, -839, -5377, -1644,
	-208, -202, -403, -69, -200,
	-1558, -1066, -1545, -5160, -1209,
	-63, 172, -359, -692, -2113,
	488, -2631, -2450, -611, -2656,
	73, 295, -164, -311, -1623,
	915, -2422, -2328, -338, -1873,
	1362, 2432, 1011, 1332, 2797,
	616, -483, 1041, -277, -2143,
	988, 1623, 1010, 1556, 2597,
	517, 927, 1552, 320, -2104,
	198, 110, 228, 558, 1455,
	2059, -1083, -796, -1534, -2197,
	303, 238, 288, 1000, 1590,
	1809, -1060, -864, -1440, -2074,
	-85, -165, 74, -584, 4113,
	1241, 601, 1141, -1100, -1365,
	-19, -89, 59, -343, 4122,
	1351, 262, 1612, -970, -1342,
	46, 418, -84, -1265, 1150,
	327, 1006, -923, 259, -513,
	97, 430, -47, -705, 1081,
	446, 667, -921, -107, -412,
	-1179, -475, 4490, -852, 546,
	1206, 2907, 2793, 1659, 506,
	4472, 8633, 12710, 2567, 4269,
	4687, 4278, 3517, 1440, -944,
	-1046, -2339, 1308, -6970, -4946,
	1187, -1953, 766, 778, 1873,
	-749, -1465, 2186, -5519, -4534,
	-1710, -2915, -1775, -50, 593,
	1028, 1512, -1110, -4146, -1267,
	-1055, -1528, 654, 273, -907,
	222, 472, -5315, -18588, -7955,
	-5079, -2592, -2293, -468, 904,
	-645, -1437, -238, -11059, -4412,
	-5349, -3104, -3511, -3098, 81,
	134, -488, -832, -11486, -5758,
	-5963, -5325, -5147, -3505, -244,
	-817, 176, -267, 4275, 5649,
	12555, 9461, 9845, 7860, 2204,
	-1611, -304, 8177, 7660, 9862,
	15822, 10128, 8275, 5188, 484,
	-305, -410, -342, -1529, 220,
	6231, 8729, 5426, 3439, 1199,
	-415, -709, -1133, -1002, 2603,
	10217, 10173, 5522, 2419, 625,
	-1657, -3378, -388, -1321, 1189,
	6443, 4178, 4462, 3389, 843,
	-1781, -2870, 209, 26, 2145,
	4641, 2648, 2600, 3250, 1444,
	-1674, -6934, -1654, 235, 4724,
	4499, 2626, -94, -1167, -2350,
	-3562, -9010, -5572, -2065, 2773,
	4544, 2596, 899, 1237, -47,
	-612, -1135, -593, 1321, 1624,
	246, 2822, 3302, 490, 1283,
	302, 1712, 11862, 9035, 1521,
	-374, 1140, 1350, -149, -1418,
	-4283, -8131, 4, 35, -2548,
	-3100, -2792, -1519, 271, -1654,
	1777, 1980, 1486, -574, -2853,
	-2457, -2566, -1725, -1365, -2699,
	-935, -2715, -1551, -780, -1747,
	-1408, 1543, 464, 1198, 87,
	-3446, -7827, -3982, -4163, -6593,
	-3856, -2854, -1435, 346, -1173,
	-1595, -3078, -4704, -4928, -5306,
	-3553, -7336, -5460, -2218, 783,
	-738, -1509, -2739, -2533, -3599,
	-4480, -7821, -6562, -2695, -377,
	-2234, -4050, 152, 5155, 6650,
	4895, 6281, 2859, 3180, 1771,
	-2439, -2175, 12739, 12038, 7607,
	5290, 7666, 3497, 3979, 2961,
	-1617, -2521, -3872, -6142, -2828,
	808, 685, 2556, 1447, 1479,
	2783, 6066, 7620, 776, 3049,
	2899, 601, 496, -894, -1749,
	-1770, -5566, -1235, -319, 27,
	1570, -427, -328, 2449, 429,
	-1523, -8614, -181, -353, 1083,
	469, -1157, -519, 891, 123,
	-1020, -2105, -662, -3321, -1888,
	2164, 309, -302, -1022, -979,
	-1624, -3546, -1355, -3370, 418,
	4506, 2697, 1965, 1646, 554,
	-409, -265, 1400, -39, 915,
	701, 1080, 1437, 654, -117,
	1176, 7181, 2483, 1738, 38,
	1381, 957, 1539, 417, -561,
	-2636, -4115, -2825, -10448, -3574,
	-1052, -1976, 16, -381, -227,
	-2534, -3455, -1962, -6336, -4445,
	-890, -2383, -360, 780, 1678,
	414, 577, -374, -4827, -211,
	1229, 463, 180, -295, -1053,
	358, 347, -823, -7444, -5552,
	737, -1968, -1087, -81, 249,
	-18, 431, 526, -4463, -2166,
	-2534, -2413, -2403, -3271, -3209,
	-588, -1226, -1433, -9723, -4835,
	-4620, -2030, -2350, -3019, -895,
	-1743, -1504, 2042, 4909, 665,
	1227, 2579, 5105, 2849, 1978,
	-3136, -3537, -438, 780, 4323,
	6597, 9503, 10252, 3985, 3551,
	-1120, -1524, 1834, -2578, -5270,
	52, 3494, 6418, 6546, 3103,
	-1014, -1743, 1273, -3180, -6425,
	-822, 2311, 4896, 6201, 3291,
	-5417, -1314, -2174, -1050, -1254,
	1466, 1889, 3230, 829, -399,
	-10876, -12466, -8206, -5582, -5065,
	-2587, -456, 124, 446, 1374,
	-1097, -1115, -5783, -3217, -3317,
	-4461, 3974, 3918, 1044, 142,
	-946, -1163, -4704, -2871, -2608,
	-1963, 1879, 3338, 1583, 1162,
	-262, -361, -130, -3046, -2170,
	-1603, 473, -23, 1620, 770,
	-321, -440, 4131, 5028, -1232,
	570, 107, 701, 2137, 140,
	-211, -1688, -3431, -4798, -10400,
	-4225, 745, 195, 1901, 879,
	489, -226, -890, -1943, -5894,
	-4022, 16, 320, 2204, 786,
	112, -143, 185, -1440, -4279,
	-2300, -162, 3326, 2645, 1377,
	13, -80, -1595, -5849, -7213,
	-4297, -343, 2678, 1591, 731,
	-657, -434, -3394, -9337, -8816,
	-5360, -3000, 902, -623, 2852,
	-586, -346, -2708, -6649, -6731,
	-4276, -2875, 1710, 152, 2084,
	-127, -107, -1070, -1091, -1143,
	-2430, -707, -852, 2855, 1288,
	-689, -1478, -1774, 2299, 634,
	3718, 4371, 5093, 7214, 3558,
	-486, -1200, -3078, -4996, -3851,
	1979, 2195, 1443, 2654, 2757,
	-760, -1351, -2828, -3445, -2814,
	2850, 1561, 957, 2595, 2423,
	26, 321, -716, -2082, -2105,
	-2025, -1861, -919, 332, -1045,
	-1676, -3407, -3423, -4842, -2980,
	-1782, 27, 942, 1537, 861,
	-911, -1236, 397, -11768, -5949,
	-966, 1301, 4253, 1323, 1316,
	-660, -248, -531, -9244, -4689,
	1975, 3073, 4582, 2985, 1275,
	-182, 898, 11123, 6287, 2147,
	3913, 3002, 2071, 2490, 572,
	2284, 2658, 11949, 6238, 1385,
	2395, 1463, 1115, 2513, 281,
	608, -413, -904, 78, -13104,
	-6177, -2745, -1410, -1474, -891,
	1036, 277, 781, 2234, -10616,
	-6486, -2889, -1389, -958, -958,
	-2555, -2192, -1762, -2941, -860,
	2255, 4110, 2586, 1237, 573,
	4895, 5934, 1460, -3753, -2465,
	-4538, -4974, -5842, -4791, -3923,
	257, -46, -889, -995, -5293,
	-5708, 183, 1063, 1663, 971,
	202, -321, -632, 397, -7652,
	-11022, -3008, -855, 473, 1267,
	-2109, -3198, 11337, 16752, 6630,
	10978, 7183, 6202, 7276, 2601,
	582, 3044, 13197, 16346, 6786,
	9547, 5922, 5636, 6862, 2207,
	-435, -712, -88, -313, -1108,
	1930, 434, 2916, 4277, 2301,
	-932, -408, 5922, 3154, 3615,
	6721, 5586, 7496, 4705, 1803,
	-1609, -3346, 6223, 3259, 2056,
	7597, 4268, 5978, 4851, 1476,
	-865, -1558, 2858, 1945, -743,
	469, 2564, 2724, 2404, 294,
	-390, -445, 549, 308, -358,
	64, 8127, 3867, 1626, 364,
	-471, -348, 686, 678, -527,
	-31, 5341, 3365, 544, -532,
	-1102, -821, 3566, 3799, 311,
	-661, -425, 1492, 2353, 1417,
	4154, 7590, 15023, 9473, 5282,
	2868, 2220, 2385, 2046, 8,
	-490, -2825, -366, -1428, -6001,
	-5100, -635, 787, -914, -771,
	248, -1372, 4941, 3393, -1471,
	-1505, -119, -190, -624, -1557,
	-1386, -729, 2413, 312, -1926,
	-1117, -3218, -4775, -1781, -2058,
	-2240, -1886, 2083, -967, -2287,
	-513, -1687, -2103, -124, -466,
	154, 94, -251, -3647, -8623,
	-2481, -3624, -3578, -885, -669,
	117, -66, 151, -485, -3523,
	-579, -3603, -3508, -1532, -1115,
	-524, -972, -312, 5289, 8762,
	6689, 3596, 1294, 1173, 1628,
	2646, 6582, 17561, 14378, 14425,
	9784, 4424, 1335, 1655, -1397,
	128, 40, -1279, -411, -1551,
	1569, 530, 457, -20, 239,
	147, 860, 9678, 2697, 2135,
	3838, 952, 1216, -707, -1670,
	-2514, -1742, -1063, -660, 901,
	212, -1445, -1506, 382, 367,
	-3995, -4708, 5238, 5080, 4635,
	5387, 2343, 1484, 2908, 1049,
	-666, -813, -88, 396, -189,
	263, 2591, -147, 46, -575,
	-2657, -7970, -1292, -415, 158,
	2765, 1983, 699, 724, -779,
	4309, 9349, 8703, 1538, 2560,
	587, 877, -79, 1090, -380,
	4078, 6220, 7141, 932, 2366,
	785, 1175, 515, 1328, -230,
	417, 849, 2069, -1814, -3587,
	-2313, -1230, -1321, 111, -374,
	1066, 1807, 4004, -713, -3661,
	-3281, -2807, -2138, -662, -1463,
	1340, 3783, -1003, -962, -795,
	-1380, -422, -66, 835, -1216,
	1389, 3675, -712, -571, -105,
	-1942, 13, -72, 430, -1532,
	-87, 162, -1557, -312, -2687,
	-2378, -2697, -1641, 677, -401,
	-76, 106, -3580, -727, -3704,
	-2230, -448, -987, 673, 58,
	-190, 1652, 8845, 820, 2856,
	3981, 3700, 3641, 3001, 911,
	-311, 1735, 4592, 4, 2936,
	4097, 3255, 3503, 3337, 1557,
	-1253, 180, -2274, -2830, -1833,
	-2118, -1608, -1352, 583, -822,
	-3754, -3390, 1566, -649, -530,
	-482, 182, 1059, 2380, -142,
	-3556, -1493, 2199, 346, -2647,
	-374, 2861, 1680, 1958, -122,
	-5383, -3813, 3119, -386, -660,
	1258, 3069, 1818, 1643, 736,
	-195, -506, -221, -2129, -4838,
	-288, 1187, 1397, 133, -110,
	-36, -210, -247, -1651, -3083,
	-45, 1553, 1510, 271, -17,
	-902, -2213, 3020, 1248, -30,
	2415, -1109, 1091, 1450, 1506,
	1598, 5632, 10185, 2776, 301,
	-868, -3206, -2710, -297, -1436,
	263, 389, -1267, 155, -4491,
	-6642, 1433, 2355, 1143, -188,
	216, 170, -143, 1820, -2661,
	-3763, -399, 2288, 522, -222,
	364, 549, 714, 187, -2195,
	-3181, -1724, -2849, -2483, -2605,
	423, 479, 1259, 684, -689,
	-20, 654, 205, -880, -1888,
	-519, -1157, -732, -927, -4780,
	-5422, -2564, -2652, -1229, -1147,
	-409, -716, -286, -425, -1728,
	-1319, 246, -69, 548, -688,
	674, 933, -1262, -610, -1750,
	-1216, -486, -804, -442, -829,
	1073, 2672, 3643, 5196, 4829,
	3617, 5534, 3915, 2755, 723,
	-36, -1837, -4430, -1629, -487,
	-2195, -374, 1325, -1752, -2010,
	515, -116, -1158, 55, 705,
	166, 1209, 1750, -376, -1717,
	-98, -8, 259, -735, -261,
	-185, -1088, -593, -317, -1492,
	-216, -298, 251, -684, 1925,
	1748, 3829, 3134, 2214, 278,
	-2803, -2581, -1596, -2137, -1888,
	-1447, -129, -369, -42, -1279,
	-464, 154, -143, 257, -825,
	788, -31, -179, -316, -1304,
	-544, -118, -2111, -7580, -1457,
	324, 2759, 2452, 1181, 1073,
	-1795, -2293, 4895, 8912, 3593,
	3655, 4491, 4260, 2979, 1531,
	-1209, -1429, -180, -12828, -17584,
	-5336, -354, 1014, 76, 1400,
	-1409, -2366, 1905, -6773, -16541,
	-2650, 19, 1268, -650, 2374,
	-470, -647, -9417, -16413, -962,
	3934, 1821, -287, -1733, -122,
	-619, -163, -11129, -16066, -2439,
	1116, 2983, 1230, -3007, 880,
	-810, -1680, -11234, -17779, -6982,
	-2599, -7165, -3705, -3970, -2258,
	-662, -2355, -11127, -16485, -6717,
	-3749, -6927, -3177, -2664, -753,
	-452, -1235, -322, 4790, -745,
	-682, 3835, 2630, 4839, 2339,
	-2105, -3647, 2583, 8513, 4957,
	8409, 10564, 9396, 6930, 2904,
	-2017, -4240, -5646, -7959, -3555,
	-1939, 313, 798, 1466, 893,
	-1048, -658, 5913, 3080, 2424,
	4097, 5443, 4067, 2569, 454,
	-6051, -4785, -9296, -1267, -1034,
	845, 457, 953, 2502, 2599,
	-8127, -6851, 274, -8, 1367,
	3091, 6231, 5323, 4435, 3607,
	-3207, -2149, -4745, -3819, 1116,
	4705, 971, 785, 85, -110,
	-3977, -3029, -5625, -5520, -1156,
	2449, -2227, 182, 689, 1167,
	-4609, -6622, -4038, -2134, -1887,
	-6224, -2501, -688, 97, -91,
	-8203, -10449, 3575, 5094, 3408,
	2326, 1086, -723, -499, 396,
	-3207, -6621, -7423, -6994, -10147,
	-10781, -3542, -4006, -3422, -2755,
	-3291, -7268, -7998, -6515, -5648,
	-6723, -2198, -3134, -2418, -1370,
	-3943, -7861, -9534, -1908, 570,
	-1352, -3425, -2752, -564, -3200,
	-4492, -8917, -9101, -2677, -1624,
	-270, -1543, -1255, -1813, -978,
	-2098, -6495, -9811, -4912, -7093,
	-3284, -10843, -479, -2628, -3379,
	-2254, -8722, -6733, -5317, -7978,
	-7773, -13572, -7445, -3362, -2235,
	-2409, -4924, -2747, -3777, -2960,
	-1736, 3240, 478, 4649, 5122,
	-1619, -1694, 11036, 14473, 8683,
	2560, 9082, 5160, 6007, 3524,
	-6418, -9161, -6265, -5328, -6055,
	-4926, -4613, -1884, -435, 268,
	1224, 1699, 3355, 869, 1305,
	2648, 4, 191, -491, -1171,
	-10475, -13678, -3207, -1055, -1663,
	-32, 4826, 3180, 2012, 2431,
	-10447, -9726, -3175, -1500, -649,
	92, -306, -385, 828, 2618,
	-3846, -6492, -3307, -2527, -378,
	575, -1028, 1112, 615, -748,
	-3740, -5151, -1882, 1107, 2304,
	2002, 633, 2209, 1146, 36,
	20, 149, -7251, -1812, -1861,
	-2499, -154, -861, -366, -1473,
	-496, -816, -8559, -2128, -2966,
	-2525, 117, -1362, -261, -656,
	-663, -2720, -12548, -5761, -2792,
	-5033, -2682, -3201, -3875, -5824,
	-267, -2211, -13807, -10233, -4585,
	-6448, -2684, -2809, -5074, -3440,
	908, 1458, -5367, -4551, -5502,
	-5758, -1929, -2968, -2552, -2495,
	1573, 2835, -6495, -7882, -7630,
	-6951, -2146, -3408, -2050, -822,
	316, 1097, -2548, -6249, -3186,
	-6786, -6086, -10921, -4021, -2509,
	942, 1354, -3830, -5293, -2638,
	-6717, -7996, -13027, -6018, -3734,
	-2645, -196, -6208, -834, 155,
	-4058, -4111, -1781, -1168, -3240,
	-6298, -4444, -8504, -1293, 1107,
	2108, 3792, 4167, 2815, 947,
	887, -2581, -13034, -2640, 3397,
	-3060, 2436, 157, 1537, -241,
	1172, -1040, -13019, -10937, 2638,
	-1291, 729, 2404, -1932, -3220,
	-2863, -1473, -3649, -4048, 503,
	-983, -1794, -2471, -2281, 661,
	-4350, -4763, -7283, -13040, -3718,
	-3183, 1049, 894, 2665, 4468,
	-3368, -1314, -1531, -2133, 3499,
	1926, 2818, 2041, -131, -1645,
	-5071, -4756, -7454, -18943, -6403,
	-5623, -3365, -549, 443, 1324,
	27, 355, -4141, -10231, -9363,
	-4007, -4521, -4147, -1373, -1847,
	-552, -1237, -2427, -5208, -3072,
	-304, -435, -1095, -1367, -1013,
	-2730, -7383, -15661, -5234, -3776,
	-5461, -1833, -1721, -1132, -4204,
	-2439, -7814, -14757, -1679, -5632,
	-3312, -1936, -955, -1705, -4267,
	-152, 172, -1030, -1005, -4326,
	-10539, -2769, -3639, -5537, -2073,
	-156, 78, -2200, -3610, -7522,
	-13439, -2621, -3556, -4443, -744,
	338, 440, -9162, -8246, -7529,
	-15393, -5520, -4256, -6245, -4280,
	-451, -718, -7620, -6218, -5708,
	-7981, -3829, -2105, -2088, -935,
	-358, -1994, -4882, -6958, -6166,
	-4880, -5000, -3316, -2028, -1948,
	968, 48, 2902, 2683, 2449,
	2127, 1980, 2071, 675, -1977,
	-1125, -1001, -2322, -15366, -1735,
	-2723, -2640, -2028, -2955, 19,
	-371, -387, 465, -1402, 538,
	217, -218, -171, -2961, -275,
	-3075, -3483, -1927, -2792, -2276,
	-1606, -3204, -3672, -1002, -1097,
	-4800, -7640, 548, -597, -122,
	2187, 1600, -1482, 1047, 525,
	-160, -508, -2953, -10403, -849,
	542, -1460, -1409, -1234, -1499,
	-452, -1865, -4379, -15918, -2289,
	292, -1255, -705, 612, 979,
	7554, 13009, 13594, 5399, 2725,
	586, 1546, 105, -262, -1787,
	3895, 10915, 15062, 7810, 4809,
	4117, 3951, 3266, 1828, -1061,
	-201, -1128, 1274, -3225, -13449,
	-16497, -10555, -4595, -1047, 2109,
	-388, -1736, 3731, 1650, -10047,
	-11514, -11890, -5481, 213, 3802,
	158, 1779, -2168, -9443, 102,
	-559, 1206, -686, 163, -459,
	130, 866, -3983, -11421, 1892,
	-19, 369, 67, 1035, 672,
	-465, -747, 443, -3056, -10337,
	-3043, -1318, -317, 1445, 3529,
	-309, -550, 1521, -1036, -10559,
	-6465, -5116, -2123, 1126, 3169,
	1188, 7145, 14800, 8595, 3777,
	5587, 6840, 3858, 2765, -112,
	3458, 8469, 16233, 10796, 2696,
	3984, 5529, 4212, 6210, 2494,
	-1292, -1684, -72, 333, -3368,
	-957, 2105, 4212, 430, 2311,
	-1747, 2568, 15217, 7644, 5594,
	6391, 8032, 9633, 4340, 863,
	-56, 1409, 539, 991, 2134,
	3298, 8501, 5975, 5022, 2690,
	14, 1348, 5326, 3537, 1436,
	3721, 9279, 5418, 5098, 2232,
	-2652, -3592, -2789, -243, 1268,
	2376, 5666, 5520, 5321, 2049,
	2702, 2681, 3847, 451, 309,
	1675, 1745, 2166, 3774, 608,
	-387, -318, -640, 2977, -2516,
	-5985, -4093, -2022, 293, 802,
	23, 565, 12208, 14906, 2076,
	34, 1492, 1316, 2412, 129,
	-692, -1011, 13, -1959, -11305,
	-11922, -4645, -4149, -2834, 267,
	-632, -1035, 1790, 2056, -6745,
	-8224, -3451, -3575, -1354, 25,
	-655, -5945, -2654, -1557, -2942,
	-2086, -2969, -4199, -5353, -4738,
	-1287, -6865, 392, 1493, -982,
	2787, -2326, -211, -718, -1575,
	-741, -1458, -2083, -2343, -13578,
	-3402, -3173, -5044, -7083, 401,
	-729, -1293, -2504, -2708, -10517,
	661, -2024, -4464, -5713, 344,
	-509, -1563, 12090, 14954, 2526,
	-877, 4206, 3212, 7163, 3482,
	2422, 7168, 16339, 23093, 3402,
	-774, 5517, 3662, 6440, 4002,
	-465, -519, -2178, -2954, -1393,
	-935, -1056, -1147, -44, 1260,
	-111, 1027, 12606, 10770, 8045,
	6924, 3807, 1684, 2798, -437,
	-2045, -5090, -1803, 2753, 90,
	3900, 4100, 1719, 3164, 1115,
	-2059, -660, 6517, 6135, 4603,
	8184, 4107, 903, 2557, 687,
	-1510, -5351, -1965, 1131, -1765,
	740, 2431, -2565, 561, -507,
	-1059, -4547, -352, 2487, -1071,
	2861, 1180, -3006, -769, -597,
	7721, 12146, 4757, -1514, -585,
	-2996, -3035, -3746, -1503, -1414,
	3810, 3947, -1309, -1689, 248,
	-705, -1590, -411, 2050, 72,
	2126, 2721, 174, -1819, -4528,
	-5016, -5718, -3663, -918, -2419,
	1385, 2046, -914, -2574, -3558,
	-3577, -5433, -2322, -535, -2023,
	414, 1041, -1736, -3220, 225,
	-2150, -4083, -2046, -4401, -3167,
	475, 1497, -1758, -5686, 259,
	-2281, -4394, -1781, -5481, -3495,
	687, 1923, 4492, 72, -2342,
	-5400, -3381, -3076, -1370, -2241,
	-339, -109, 729, -3518, -3976,
	-6320, -4954, -3176, -1584, -789,
	3464, 8602, 1753, 1980, 1804,
	2561, 2767, 2423, 1527, -252,
	4110, 6925, 706, 809, 1781,
	2817, 3056, 2378, 2288, -37,
	344, 972, -5880, -4470, -1297,
	-1352, -2584, -2333, -2450, -2987,
	696, 2077, -131, 1174, 872,
	70, -1092, 347, -136, -2209,
	-779, -240, -1643, -7917, 897,
	445, 731, 1710, 2171, 2338,
	-1300, -850, 126, -546, 1913,
	1488, 3184, 2761, 1005, 816,
	-2413, -3837, -1831, -6545, -601,
	145, 2178, 2002, 1699, 609,
	-503, -640, -875, -3586, -3151,
	-2305, 1236, 0, -498, 207,
	-872, -1267, -1524, -2251, -4126,
	-2490, -3226, -314, 380, 778,
	5531, 10138, 5650, -30, -804,
	-1207, -3484, -3067, -1327, -2270,
	-91, -3649, -3135, -2896, -5288,
	-6760, -7514, -703, -1892, -2786,
	-12, -2195, -1845, -44, -2663,
	-3924, -3750, 753, -717, -1950,
	509, 1933, 181, -5788, -1168,
	-4607, -2754, -4065, -3204, -2881,
	110, 1688, 2126, -2035, 699,
	-1768, -2353, -3204, -2361, -2107,
	-324, -966, 1038, -5365, -4797,
	-5970, -6980, -3790, -3920, -2463,
	-55, -1173, 2355, -1790, -2834,
	-4214, -3052, -1703, -1880, -1732,
	-1978, -2225, -4009, 1156, -1159,
	2109, 2176, 2390, 3583, 3041,
	4216, 8331, 4834, 3627, 3379,
	4406, 3466, 2656, 1973, -603,
	350, 444, -1951, -3741, 1933,
	-534, -3207, -2495, -2128, -2876,
	411, 516, -365, -177, 3700,
	1252, -912, -1308, -1490, -2284,
	-308, -272, -1371, -2791, -1296,
	-874, 303, -338, 550, -168,
	-698, -651, 2725, 1405, 7590,
	8209, 2236, -4, 796, -1166,
	-147, 206, 56, -4389, 775,
	-240, -1142, 238, -461, -727,
	-300, -320, -367, -5669, 492,
	14, 113, 744, -21, -412,
	-2650, -204, -489, -604, 784,
	-47, -471, 556, 811, 558,
	-1886, 3366, 914, 392, 450,
	459, 436, 1636, 1659, 1134,
	94, 134, 1507, -343, -1661,
	-2870, -4700, -4665, -2648, -897,
	-333, -134, 1217, 1569, 2139,
	2505, 2735, 2719, 1000, 539,
	-406, -140, 539, 518, 4840,
	2733, 935, 644, -567, 122,
	269, 1757, 719, -1956, 2215,
	285, -2120, -2306, -2321, -1766,
	157, 359, 272, -322, -253,
	-102, -976, -1096, -6065, -1807,
	-92, 95, -554, -3007, 1141,
	854, 656, 334, -4775, -1473,
	-2135, -2147, 560, -920, 48,
	790, 2082, -498, 591, 743,
	-573, -232, -95, -395, -578,
	-981, 255, -1862, -717, -124,
	181, -42, -722, 626, 878,
	-3705, -141, -1068, -908, -203,
	271, 28, -1124, 30, 4386,
	2113, 1582, 365, -599, -241,
	-82, -227, -425, 763, -441,
	795, 3306, 1059, -2178, -1102,
	192, 258, -57, 2037, 77,
	-955, -1019, -2028, -4164, -1912,
	-97, -150, -320, 589, -1121,
	-667, -1370, -1014, -2306, 184,
	-149, -287, -266, 511, -1057,
	1047, -480, -715, -3507, -453,
	-520, -468, 814, -1533, -1079,
	-1349, 431, 878, 702, 600,
	-182, 668, -429, -5098, 502,
	495, 2066, 2416, 1073, 514,
	-133, -732, -1413, -2238, -1661,
	-696, -592, -2302, -1693, -1115,
	244, 39, -165, -354, 150,
	144, 1268, -36, -289, -521,
	45, -132, 4474, 293, 629,
	-199, 877, 881, -1473, -886,
	360, 317, 2469, -537, -33,
	-1895, -189, -123, -1999, -1067,
	185, 145, 341, -159, 32,
	-1023, -257, -1399, -2174, -1671,
	221, 226, 419, -121, 348,
	-1241, -244, -1098, -1824, -1576,
	-86, 487, 407, -609, -437,
	-2234, 3425, 74, -884, -48,
	-254, 206, 239, -780, -1047,
	-3257, 2823, -310, -607, 138,
	-346, 114, -698, -3944, 2035,
	239, 645, 2065, -2073, -1100,
	-399, -328, -53, -286, 1705,
	990, 785, 2097, -2232, -1117,
	-314, -394, 1076, -1419, -2112,
	-235, 1468, 1253, -480, -89,
	-71, -140, 1645, -593, -373,
	922, 165, 278, -2168, -1273,
	310, -112, -121, -785, -1772,
	4529, 561, -581, -1375, -782,
	437, 250, -20, -226, -2308,
	1234, -670, -2549, -2221, -1635,
	-342, -368, -332, -720, -82,
	-427, -10, 826, 2152, 1249,
	-297, -392, -128, -49, 118,
	993, -1177, -1791, 2020, 1074,
	419, -21, -349, 124, 988,
	1171, -2147, -2346, 561, -302,
	422, 12, -463, 329, 666,
	557, 79, -392, 774, 41,
	-106, -25, -553, -1102, 3176,
	-585, 1042, -730, 237, 740,
	-166, 39, -479, -2024, 2350,
	-1715, 217, -2124, 418, 761,
	163, 988, -275, -4215, -488,
	-297, -1086, -1675, -407, -326,
	110, 723, 35, -3293, 69,
	104, -776, -1363, -1084, -474,
	-141, 75, 521, -14, -362,
	1626, 1846, -2589, 567, 631,
	-150, 49, 540, -11, -388,
	1354, 2441, -1897, 240, 474,
	-536, -1345, 392, 2204, 1411,
	26, 706, -882, -993, -843,
	-616, -1500, 1347, 3187, 1911,
	63, 1386, -141, 42, -6,
	42, -11, 166, 1375, 1125,
	15, -793, -3532, 1739, 1348,
	-11, -62, 152, 986, 341,
	-609, -1125, -4452, 1227, 1038,
	182, -325, 114, -780, -1458,
	-965, -1949, -1106, -1005, -235,
	827, 641, 2211, 3537, 1243,
	391, -2693, -3327, -2835, -1990,
	116, 234, -571, 0, -702,
	-113, 1026, 151, 1112, 1306,
	56, 201, -588, -312, -424,
	-991, 1103, 531, 864, 1245,
	-1012, -2631, 381, 2225, -89,
	544, -1893, -893, 538, 46,
	328, 604, -771, 454, 129,
	96, 493, 607, 1091, 387,
	-562, -451, 1106, 443, -881,
	-350, -490, 456, 1413, 865,
	-1280, -1787, 803, -2183, -1778,
	-2264, -2334, 492, 810, 780,
	272, 308, -329, -1025, -250,
	-849, -3019, 1494, -40, -415,
	309, 394, 111, -1095, -94,
	-35, -1588, 1954, -171, -418,
	211, 69, 659, 284, 727,
	874, 932, 402, 252, -556,
	177, -6, 343, -287, 591,
	1043, 393, -2, 244, -592,
	67, 439, -965, 320, 1421,
	3401, 501, -916, -2261, -1601,
	-154, 40, -692, 1996, 2293,
	3800, 1310, -47, -1375, -1443,
	656, 985, 863, 571, -783,
	365, -972, -546, 1454, 360,
	512, 847, 675, 138, -1613,
	-534, -1970, -1593, 1042, 124,
	-244, -459, 1175, -222, 1088,
	2253, -4106, -1745, -1311, -845,
	-402, -872, 841, -1045, 32,
	1977, -3844, -1910, -1226, -846,
	-400, -733, -1144, 116, -1112,
	-1603, 1449, 175, 3611, 2499,
	956, 2065, 2226, 1305, -482,
	-1282, 815, -742, 2690, 1457,
	-73, -79, 404, 1553, -3054,
	-4049, -1255, -703, 1944, 1506,
	-163, -402, 419, 1499, -1046,
	-954, 8, -172, 2115, 1745,
	-76, -471, 277, 2162, 244,
	-1390, 3604, 4064, 1761, 869,
	-109, -560, -188, 556, -100,
	-1907, -2018, 214, -556, -460,
	-657, -675, -1046, -121, -54,
	-3689, -1510, -197, -674, -211,
	-551, -401, -745, -204, -896,
	-4695, -3178, -693, -1096, -144,
	-263, -417, 848, 1357, 3294,
	2749, 140, -1324, -495, -362,
	-63, -114, -654, -2277, -3322,
	-1183, 622, 834, 1084, 1022,
	155, 653, 228, 4354, 1154,
	-1205, -949, -263, 521, 210,
	-278, 81, -226, -911, 927,
	21, -39, 1231, 713, 737,
	1577, -2104, 17, 70, 71,
	-83, -127, 751, 71, -691,
	1884, -1889, -212, 208, -64,
	-867, -476, 472, -197, -1033,
	-1364, 1732, 478, 827, -189,
	-164, 218, -569, -1021, -1022,
	-2327, 653, 420, 547, -359,
	-378, 67, -298, -163, -239,
	3737, 899, -865, -1052, -306,
	137, 570, -755, 376, 97,
	2790, 92, -406, -790, 2,
	-10, 647, -523, 194, 23,
	516, -190, 1090, 509, -769,
	16, 692, -823, -1197, -728,
	42, -1526, -4173, -2034, 107,
	881, -3, -1377, -852, -558,
	24, 234, -1, -1800, 3090,
	1906, 1434, 1737, 394, 565,
	-139, -305, 983, 289, -2595,
	-3011, -2535, -1472, -1151, 47,
	437, 277, -2501, 963, 706,
	66, 197, -640, 1, -453,
	1018, 882, -2899, 199, -118,
	-2174, -2554, -3275, -1070, -881,
	-81, 536, -265, -787, -4508,
	-960, -741, -403, 233, 63,
	147, 924, -518, -277, -4519,
	-2067, 762, 900, 1016, 515,
	526, 1262, -331, 176, -296,
	-61, 794, 608, -1637, -1698,
	1022, 2249, -136, 225, 293,
	1411, 1829, 1107, -977, -1226,
	46, -611, 2226, 1270, -453,
	239, -727, 699, 341, -273,
	155, -672, 4684, 1813, -1011,
	1486, -133, 145, 593, -359,
	2180, 3937, 13, -973, 2,
	-394, -382, -866, -1716, -1876,
	-1394, -2157, 379, 113, -832,
	-496, 1145, -356, -561, -1125,
	145, 563, -113, 101, 510,
	1178, -974, -32, 5849, 3614,
	174, 614, -226, 228, 544,
	1322, -499, 232, 6036, 3685,
	-397, 430, -1614, -1540, 109,
	-2122, -1877, -1426, 355, 306,
	-1136, -960, -2170, -533, 168,
	-1364, 64, 1978, 1698, 1514,
	860, 1681, 453, 457, 1413,
	-1843, 1168, 1542, 1351, 301,
	834, 1544, 528, 1223, 1664,
	-2043, 864, 363, 1033, -86,
	-103, -152, 558, -408, 1528,
	-1013, -1339, 1047, -678, 89,
	-121, -155, 748, 235, 1266,
	-1476, 215, 1159, 112, 387,
	735, 756, -290, 2777, -640,
	325, 2523, 2055, 1906, 1184,
	-116, -494, -3216, -443, -1924,
	-409, 2086, 1681, 2812, 2115,
	9, -446, 595, 110, 185,
	-285, 1148, 2088, 2243, 1212,
	100, -363, 665, 869, 1046,
	360, 2546, 3958, 2496, 1297,
	640, 318, -1252, 2851, 138,
	-393, 76, -612, -1080, -958,
	546, 261, -924, 3665, -625,
	-306, 645, 511, -563, -431,
	576, 612, -225, -3131, -797,
	-507, 305, 488, 59, 446,
	229, -234, 1609, 4880, 901,
	585, 1074, 259, 1109, 682,
	-54, -284, -2183, -1184, -2319,
	952, -1424, 383, 1460, 1036,
	134, -171, -448, 238, 899,
	3565, -441, 1227, 1487, 709,
	-545, -857, -866, -342, 571,
	899, 80, 594, -1301, -1903,
	-564, -894, -1321, -880, -233,
	281, 57, 477, -1005, -1658,
	-64, -309, -2229, -2033, 1349,
	1880, 3861, 3441, 2024, 1266,
	48, 280, 151, 444, 191,
	148, -412, 632, 1045, 471,
	95, 139, 164, 893, 1222,
	1041, -1320, 2595, 305, -139,
	144, 213, -313, 444, 968,
	425, -4869, 1974, -745, -885,
	87, -173, 147, 688, -1277,
	1310, -162, 2403, -370, -401,
	25, -223, -30, 296, -1241,
	549, 223, 2748, -161, -388,
	-201, -671, -183, -795, 167,
	2785, 682, 568, -510, -290,
	-176, -858, -208, -812, -76,
	6210, 3027, 2700, 545, 183,
	-158, -45, 2054, 4755, -450,
	2786, 595, 738, 1186, 407,
	-4, 332, 880, 2778, -1273,
	2464, -303, 225, 1040, 369,
	960, 3157, 3729, -391, -852,
	1132, -1086, -265, 1030, -281,
	-298, -317, -399, -531, 372,
	2620, 126, 760, 963, -9,
	239, 665, -588, -1993, -31,
	-204, 213, -876, -175, -40,
	-130, -841, 78, 133, -4277,
	664, -48, -512, 1384, 1542,
	300, 846, -789, 956, 443,
	261, -2093, -1642, 262, 35,
	-52, 477, -1049, -160, -589,
	289, -932, -1211, 372, 169,
	1008, -582, 734, -652, -433,
	-548, -303, -938, -26, -567,
	751, -693, 305, -493, -467,
	1130, 1691, 552, 1531, 401,
	117, 157, -1057, 1121, -24,
	2, -871, -1059, -134, -79,
	-544, -1238, 2108, 795, 775,
	1512, -788, -1086, 117, 172,
	-332, -193, 474, 812, 451,
	771, -3622, -1674, -1357, -918,
	-241, 135, 83, 1508, -580,
	-1638, 1479, 790, 198, 500,
	-17, -300, -233, -403, -2003,
	3577, 628, -832, -605, -185,
	-20, -250, 633, 311, 248,
	-1935, -2014, 1360, 47, 376,
	-373, -2376, 1264, -595, -806,
	-804, 153, -547, -545, -792,
	-162, -1829, 229, 615, -380,
	-712, 1596, 991, -414, -703,
	-149, 28, -1104, -792, -248,
	22, -552, 484, 595, 521,
	-477, 1108, 5930, -52, -881,
	-505, -68, 554, -895, -568,
	-167, -116, 284, -52, 3301,
	-305, -765, 576, 128, 350,
	-71, -78, 206, -13, -2804,
	465, -118, -102, -785, 53,
	-296, -1371, -3099, -146, -124,
	319, 633, -484, 102, -545,
	139, -780, -2224, 462, 90,
	575, -162, -588, -321, -518,
	-361, -193, -178, -1190, 120,
	324, -478, -1180, -210, -322,
	-298, -129, -213, -2305, 238,
	65, 760, -1205, -297, -354,
	-479, 153, -695, -64, 208,
	-863, -914, -300, -787, -1575,
	-31, 764, -8, 1622, 329,
	-167, -882, -83, -807, -1509,
	306, 627, 300, 748, -1696,
	80, -691, 1842, 51, -102,
	-19, 8, -445, 2527, -1936,
	-1352, -373, -1300, 333, 197,
	211, 95, 51, -515, -4903,
	-129, -359, 211, -292, -11,
	-134, -389, -318, 415, 1757,
	219, 668, -58, -412, -113,
	295, 712, 1809, 250, -1871,
	-459, -1797, -2058, -3146, -701,
	34, 86, 195, -2274, -2900,
	-1400, -1639, -2996, -2939, -228,
	546, 391, 2482, -514, -418,
	94, 733, -1465, -2480, -822,
	308, -18, 1139, 1312, -266,
	555, 143, -1142, -1699, -469,
	-386, -533, -308, 333, -404,
	699, -106, 0, 1161, 1668,
	-374, -466, -336, -113, -563,
	443, -846, 490, 1571, 1843,
	-21, -191, -293, 258, -1654,
	-1260, -2704, -2918, 1019, 793,
	72, 155, -98, -344, -222,
	1575, -1222, -2442, 1231, 955,
	-238, 263, 127, 569, -752,
	1500, -920, 1262, 820, 164,
	-287, 160, -126, -35, 438,
	2196, 1697, 1208, -124, -180,
	163, 270, 76, -682, 112,
	-159, -3633, 648, -1922, -1164,
	-324, -687, 55, 290, 457,
	5431, -61, 847, -1708, -603,
	-85, -235, 864, 96, 593,
	5317, 803, 406, 1322, 904,
	48, 102, -337, -32, -127,
	-1737, 529, -170, -390, 72,
	122, -128, -400, -434, 496,
	868, 3089, 149, 1492, 958,
	439, 95, 663, -1031, 377,
	1291, -2318, -1697, 273, 78,
	240, -338, -661, -1411, 907,
	1267, 498, 153, 14, 128,
	803, 755, -554, 949, -1818,
	-1629, 3068, 1594, 564, 531,
	-479, 349, 1169, -4187, -1353,
	-1, -429, 974, 1407, 718,
	-209, 425, 2045, -593, -440,
	-137, 118, 777, 1704, 950,
	-620, 1264, 272, -89, -197,
	-451, 592, 667, 1175, 386,
	-752, 819, -371, -1913, 112,
	97, -1541, 594, 970, 442,
	-1156, -1464, -36, -1264, 5,
	41, -2807, 0, -1114, -1126,
	421, 746, 203, -160, 434,
	-89, -2092, -455, 112, -416,
	-105, 269, 458, -734, -272,
	-167, -551, -717, 1319, -318,
	-85, 345, 887, -258, -145,
	-58, 131, 1436, 1323, -262,
	806, 472, 77, 27, 562,
	480, -1361, 1387, -1610, -1690,
	665, 121, 944, -25, -128,
	-137, -3169, 1814, -1819, -1759,
	-103, 2913, -918, -705, -451,
	662, 1088, 1398, 1037, 588,
	248, 2122, -592, -588, -1149,
	-922, 201, 833, 199, 139,
	-73, 591, -13, -680, 521,
	1899, 179, 754, -346, -971,
	-95, 606, -451, 175, -137,
	1918, -1023, -1346, -354, -1300,
	-287, -280, -743, -406, -393,
	-217, -246, -771, -93, 225,
	4010, 5271, -51, -323, 257,
	-18, 101, -578, 357, -223,
	983, -279, -972, 159, -461,
	-65, -658, -149, -668, -1146,
	1702, 396, 1088, 1096, 447,
	1411, 287, 695, -1108, -1507,
	612, 1414, -15, -188, 192,
	-2159, -681, -2546, -49, 350,
	211, 762, -183, -393, 695,
	-416, 1305, -326, -871, -255,
	-410, 257, -155, -195, 1363,
	227, 297, -4426, -2426, -1113,
	-322, 152, -270, -156, 229,
	1524, 1791, -400, -589, -123,
	-427, -226, 1025, -1049, 697,
	428, 1075, -714, -194, 44,
	-600, -332, 543, -275, 3283,
	-315, 50, -947, -347, -19,
	-111, -642, -663, 379, 4404,
	1013, -1563, -1396, -1776, -1076,
	-20, -277, 342, 170, 2653,
	-108, 74, 225, -912, -548,
	615, -63, 534, 2841, 136,
	568, 39, 114, -30, -487,
	706, 219, -598, -3159, -1205,
	94, -205, -150, -1778, -1589,
	350, 495, 49, 113, 512,
	2434, 817, -134, -4858, -2294,
	26, 418, -208, -596, 226,
	366, 1630, 2251, 266, 34,
	-111, 112, 970, -240, 1037,
	-357, 1099, 556, -54, -693,
	375, 633, 1774, 215, 591,
	300, 1446, -1069, -2056, -1846,
	16, -438, -3702, 2353, 164,
	-480, -89, 310, -695, -257,
	108, 236, 1269, -372, -958,
	-683, 795, 235, 330, 276,
	4193, 3181, 1445, 1270, 1692,
	392, 554, -390, 351, -142,
	170, -535, -698, 772, 1284,
	-280, -519, 70, -170, -358,
	93, 202, 1036, -118, 491,
	-68, -490, 201, 130, -55,
	16, 85, -4279, 1156, 894,
	85, -173, 1084, 636, 33,
	722, 135, -64, -356, 224,
	969, 408, 553, -131, -629,
	-496, -3220, 259, -1065, 383,
	-649, -1221, -1385, -750, -1248,
	-2184, -298, 140, -86, -517,
	-446, 494, 1163, -317, -680,
	-2193, -49, -469, -13, -489,
	118, -364, 329, -624, -907,
	-539, -642, 1947, 4325, 20,
	-1169, -949, -235, 293, 46,
	-414, -176, -928, 510, 26,
	-1587, -2305, -2107, -1037, -432,
	225, 374, -125, 1897, -460,
	-74, 1150, -1538, -758, -358,
	220, 251, -292, 1896, 85,
	414, 1047, -593, 361, 413,
	-201, -301, -235, -66, -437,
	-59, 875, -138, -3090, 599,
	-138, -275, -207, 1, -426,
	-607, 489, 180, -4789, 160,
	-247, 285, 323, 859, -223,
	-1321, 1095, 1348, -2885, -675,
	-395, -26, 446, 295, -472,
	121, 1477, 1912, -1411, 107,
	-13, -406, 626, -301, 526,
	-2729, 429, -1079, 3133, 2763,
	143, 96, 498, 1591, 107,
	-2963, -67, -841, 3318, 2665,
	-228, -20, -517, -377, -221,
	-350, 1186, -501, 2447, 2302,
	-75, 160, -339, 1313, 917,
	562, 1523, 1, 2563, 2158,
	131, -93, 89, 373, -799,
	-945, -735, -103, 461, 805,
	188, 182, 152, -1616, 4264,
	1646, -945, 1110, 468, 879,
	327, 554, 464, 1787, 4270,
	999, -426, 2546, 2848, 1767,
	30, 0, -13, 35, 1352,
	230, 136, 794, 839, 688,
	0, -356, 904, 1548, -969,
	-161, 1510, -332, 2302, 1364,
	45, -52, 610, -585, -1248,
	-1433, 1349, -346, 1466, 1154,
	150, -156, -570, -563, 123,
	417, 4975, 881, 337, 1518,
	127, -306, -461, -450, 151,
	320, 3539, -277, -149, 947,
	-27, 68, -306, -24, -1515,
	-4147, 1734, 1437, -281, 20,
	7, -53, -164, -228, 776,
	2466, -210, -1092, -963, -649,
	456, 145, -932, -208, -126,
	-625, 169, 3471, 2377, 1362,
	402, -165, -1016, 36, -445,
	678, -968, 1324, 1740, 811,
	489, 212, 544, 116, -166,
	-3036, -1233, 946, -152, -422,
	-457, -1060, -505, 24, 533,
	-1302, 789, 2064, 1622, 843,
	-348, -463, -63, 102, -954,
	-3, -259, 1637, 366, 194,
	-242, -219, 411, 3672, 1725,
	209, -1574, 1295, 131, -290,
	619, -93, 636, 474, 153,
	6, -664, 0, 1151, 801,
	583, -8, 407, 104, 536,
	-168, -1094, -1118, 950, 630,
	-115, -325, 431, -798, 453,
	421, -724, 2928, 933, 475,
	-152, -369, -140, -1231, -556,
	-934, -1747, -533, -1413, -361,
	42, -17, -104, 142, 827,
	-224, 56, 221, -838, 50,
	88, 83, -209, -466, 35,
	-2809, -850, -162, 1196, 1086,
	-772, -300, 77, 1076, 1492,
	604, 1509, 159, 759, -860,
	-782, -184, 92, 414, 30,
	297, 400, -1316, 514, -1413,
	260, -66, -682, -802, -505,
	-1105, 760, -284, 10, -1021,
	271, -50, -925, -851, -506,
	-690, -425, -632, -197, -1128,
	-189, -817, 79, 600, 341,
	799, 989, 4393, -383, -369,
	347, 699, -72, -413, 428,
	-356, 428, 3588, -533, -824,
	-250, -174, -114, -993, 1099,
	664, -760, -1638, 28, -630,
	-179, 174, 24, -1477, -1793,
	88, -263, 2822, 776, 234,
	-84, -250, 154, 128, -428,
	-146, -128, -3168, 835, 860,
	-211, -526, -193, -90, 12,
	-104, -1369, 1635, -302, 144,
	83, 55, 366, 128, 870,
	83, -631, 433, 727, 353,
	-157, 229, -291, -4933, 1117,
	-36, -469, -620, 870, 737,
	-183, -417, 27, 143, 856,
	37, -1228, 667, 160, -597,
	-166, -631, -211, 151, 1820,
	226, -1517, 963, -79, -630,
	767, -2361, 236, 393, 357,
	2, 854, 686, 234, -683,
	1092, 811, -72, 649, -184,
	-231, -325, 19, 96, -965,
	-223, -18, 451, 185, -182,
	-828, -673, 788, -514, -2603,
	-238, -43, 723, 182, -202,
	77, -329, 657, -755, -2837,
	-188, -79, 133, 267, -318,
	-161, 494, 4713, 1211, 707,
	-266, -319, 408, -144, 371,
	-391, 773, -797, 79, 228,
	711, -24, -989, 427, -289,
	-160, -884, 1635, -1817, -1826,
	326, -439, -1028, -125, -346,
	-387, -432, 334, -878, -1127,
	-209, 663, 5477, 733, 182,
	232, 284, -864, -240, -1,
	-481, 65, -905, 106, 144,
	-298, 803, 283, 1150, 971,
	-25, 400, -383, 941, -1462,
	-625, -112, -1600, -1145, -1098,
	-408, 25, -338, -1065, 694,
	-15, 609, 569, -935, -974,
	-142, -295, 903, 3340, 1565,
	-392, 1091, -807, -1749, -1080,
	12, 1, 1002, -1148, -345,
	-1371, 1380, -462, -1496, -522,
	-535, -465, -356, 540, -430,
	-1345, -194, -998, -999, -283,
	-392, -256, -1202, 515, -150,
	-1709, 776, -1150, 401, 548,
	-292, -735, 3173, -967, 61,
	-93, 2, 253, 503, 59,
	936, 494, -1114, -931, 247,
	-191, -1030, 669, -758, -1010,
	-233, -778, 10, -223, 243,
	468, 417, -784, -129, -2699,
	-2, -265, 438, 129, 47,
	-447, 1178, 195, -98, -2624,
	374, 338, 577, 293, 341,
	341, -290, -244, 299, -437,
	-211, -809, 255, -1347, -528,
	-1466, -106, -195, -255, -577,
	663, -664, -302, -2235, -1242,
	-2027, 175, 293, -1095, -76,
	670, -455, 615, -2312, 262,
	-1098, 668, -237, -480, 14,
	-420, 120, 328, -94, 149,
	-1719, 1115, -964, 843, 564,
	-406, -127, 627, -93, -95,
	3423, 784, -55, 589, 408,
	-342, -489, -394, 147, 65,
	-2588, 248, 438, -1641, -418,
	194, 58, -542, -477, -1176,
	2645, -78, 1686, 386, 497,
	-140, -508, 938, -575, 225,
	527, 243, -1386, -1370, -534,
	782, 2080, 2553, 327, 523,
	1242, 557, 162, 1049, 405,
	539, 499, 47, 396, -964,
	-392, 1778, 541, -125, -1153,
	238, -245, 467, 1053, 1003,
	729, 40, 606, -119, -1215,
	-6, -139, -134, 1565, -3221,
	1651, 115, -754, 19, -183,
	-14, -120, 236, 689, -3495,
	2068, 341, -537, -1124, -681,
	-664, -427, -977, -504, -151,
	309, -135, 544, -476, -911,
	173, 754, -783, -336, 1522,
	975, -66, -1821, -1679, -2051,
	352, -89, 314, -188, 516,
	-214, -3064, 368, 80, -319,
	308, -31, 181, -79, -124,
	-14, 2554, -228, -228, 34,
	509, 206, 182, 541, 1630,
	87, 795, -138, -1392, -1199,
	428, 23, -843, -183, 380,
	21, 854, 386, -1236, -1232,
	284, 70, 586, -90, -286,
	-14, 51, -1115, 1768, -82,
	236, 166, -11, -692, 1349,
	554, 112, 170, 1474, -254,
	-323, -344, 1599, 595, -42,
	155, -510, -233, -199, -649,
	-643, -665, -454, 318, 298,
	1322, -473, -1951, 385, -511,
	-6, 461, 871, 1441, -1636,
	-46, -1523, -283, -780, -1115,
	94, 1325, 438, 707, 650,
	185, 1, 422, 378, -470,
	309, -57, -523, 3358, 842,
	-188, -737, -77, 218, -119,
	402, -27, -210, 3441, 1356,
	105, 130, -349, 508, 388,
	-59, -176, -380, 637, -169,
	-188, 1564, -215, 1331, 674,
	109, 87, -633, -1595, -2209,
	551, 675, -1156, -249, -457,
	142, 318, -18, 44, -336,
	-327, 731, -4, -358, -342,
	101, 176, 56, 24, -174,
	179, 762, -4146, -36, -61,
	192, -19, -1238, 1053, 357,
	1022, -1294, -195, 767, 588,
	326, 366, 1510, -1150, -402,
	117, -1273, 0, -527, -213,
	455, 1037, -2716, -314, 678,
	984, -46, 82, -8, -393,
	-315, 73, 44, -37, 722,
	498, 650, -837, 106, -554,
	457, 192, -799, 971, -66,
	-398, -788, -1061, 135, 156,
	63, -773, 648, 814, -793,
	-804, 692, 3893, 2339, 1657,
	-64, 131, 158, 63, -421,
	-977, -3277, 799, 836, 1097,
	-54, 135, -21, 0, -693,
	61, -1628, 1082, 1588, 1395,
	-135, -471, 213, -361, 1017,
	5065, 240, 411, 900, 661,
	65, -231, 777, 47, 317,
	2187, -341, 244, 1341, 753,
	566, 27, -33, -1772, 1576,
	1769, -1184, -648, 840, 221,
	379, -946, -796, 475, 627,
	-210, -894, -356, 1303, 861,
	46, 31, -249, 447, -112,
	-360, 73, 894, 603, 174,
	384, 485, -104, 223, -493,
	-3334, 1266, 1796, -1260, -834,
	186, 401, -390, -799, 112,
	-3211, 801, 796, 242, 120,
	18, 269, 3, 692, 1900,
	-1604, -419, 310, -1645, -853,
	133, 468, 359, 3, -760,
	820, 1095, 2336, 21, 996,
	53, 115, 248, -955, -1154,
	461, -600, 1606, -947, 518,
	65, -45, -397, 478, 514,
	-1300, 904, -235, -878, -124,
	308, 268, -115, 106, 279,
	31, -3139, -269, -350, -113,
	378, 1003, 393, -231, 602,
	-903, 112, 386, 1775, 912,
	141, 320, 401, 279, -555,
	788, -200, 105, 2290, 1278,
	637, 240, 64, -327, -1210,
	-41, -126, -643, 274, -492,
	606, 205, -355, 46, -1005,
	-927, 76, -393, 1094, -148,
	-211, 462, -43, 1272, 512,
	1157, -8, 307, -642, -743,
	-337, 254, -933, -243, -1404,
	336, -834, 116, 843, 446,
	1063, -717, -250, 398, -173,
	40, -352, 589, 30, 110,
	-3053, 311, -498, 101, 235,
	-130, -217, 465, 344, 522,
	-432, -155, -823, -4056, 503,
	454, 102, -12, 1277, 281,
	-66, 345, -372, 584, -112,
	7, -67, -845, -390, -781,
	293, 1133, 189, -1914, 430,
	-994, -736, -1308, -2500, -1268,
	-325, -486, -134, 1951, -117,
	-1062, -1418, -440, -574, 124,
	-475, -824, -824, -509, -2143,
	-560, -345, 609, 1157, 90,
	57, 337, 273, 98, -915,
	-439, -959, -307, 201, -571,
	-527, 131, -260, -231, -656,
	608, 674, -418, 5, -168,
	-832, -87, 265, -178, -599,
	-272, -2898, -1469, 192, 171,
	-394, 255, -581, -83, 223,
	221, 775, 663, 211, 604,
	-705, -60, 240, -301, 1126,
	-196, 4809, 1869, 822, 1562,
	-87, -68, -444, -809, 168,
	-413, 559, 965, 321, 2151,
	-99, -132, -462, -533, 355,
	-92, 259, 2010, 112, 1775,
	-117, 120, -114, -516, 65,
	248, 350, 346, -3149, 185,
	-112, 102, -87, 246, 135,
	617, 784, -466, 4118, 3147,
	192, -240, -162, -1474, 530,
	-646, 726, 151, 307, 777,
	-20, -795, 1822, -468, -98,
	238, -413, -82, 1039, 1008,
	-661, 713, -564, 95, 359,
	412, -821, -1016, 1857, 711,
	-1114, -454, -129, 999, -17,
	-46, 547, 175, -806, -209,
	-571, 444, 240, -3, 176,
	234, 412, 541, -745, 851,
	-336, 946, 88, 360, 217,
	-581, 808, 261, -1424, 362,
	60, 3, 97, -1588, -1691,
	-283, -991, 213, -471, 749,
	301, 243, -18, 950, 302,
	994, 1437, 1392, 936, 1433,
	118, 89, 191, -770, 172,
	460, -1156, -182, -2820, 629,
	157, 166, 186, -616, 66,
	406, -824, -515, -2099, 637,
	340, -67, -242, 859, 425,
	1431, 1841, 69, 2655, 2475,
	302, -55, 130, 767, 112,
	-106, 513, -91, 318, 1418,
	45, -14, 841, -394, -975,
	588, 783, 422, 1062, 960,
	-85, -359, -1891, 1445, -201,
	1875, 578, -153, -1244, -84,
	-484, -528, -481, 1319, -313,
	514, -247, -691, 1950, 1521,
	-92, 188, 149, -454, 1127,
	-606, -56, -1015, 2969, 2052,
	-488, -532, 514, -731, 200,
	439, 1754, 1503, -505, 411,
	-236, -44, 495, 1081, -892,
	-422, 307, 134, 1094, 1038,
	101, 128, -206, 83, 137,
	-491, 224, 47, 4130, 3275,
	133, 66, -257, -174, -30,
	395, -523, -598, -4338, -2,
	143, -380, -176, 716, 272,
	507, 487, -634, -1846, 686,
	89, -510, 98, 1088, -636,
	365, -136, -1426, -1700, 528,
	-2371, 1456, 437, 393, 530,
	15, 121, 30, 550, 905,
	2279, -198, -438, -449, 337,
	-471, -203, -263, 151, 326,
	-43, 89, 582, -37, 482,
	1407, -411, 21, -409, 480,
	-159, 37, 290, 1087, 411,
	-2674, -1156, -1028, -994, 90