12002,   8416,   4630,   3423,   3122,
 	 12695,   2689,   2648,   2623,   2664,
 	  2842,   5668,   6871,   6552,   7382,
 	  9615,  15534,  17200,   2929,   2909,
 	  2827,   2883,  14001,  15252,   8974,
 	  7469,   5659,   4485,   4123,   3939,
 	  2627,   2622,   2616,   2691,   3195,
 	  3235,  12155,   7777,   4326,  10905,
 	 12303,  13118,   2803,   2793,   2777,
 	  3000,   7578,   7616,   9162,   8975,
 	  9052,   9278,   9546,  14731,   3419,
 	  3018,   3000,   3015,   7170,  14287,
 	  8320,   8800,   9718,  15713,  17370,
 	 17729,   3546,   2864,   2820,  10927,
 	 15635,  17370,  11129,  10478,   9446,
 	  8910,   8923,   9283,   4037,   3933,
 	  3662,   3774,   4642,   5051,  11857,
 	 11417,  11382,  14232,  15993,  16580,
 	  7396,   4761,   3683,   8081,  11973,
 	 13858,  14216,  12744,  10289,   7693,
 	 10182,  10915,   3755,   3349,   2882,
 	  3053,   4104,   4443,  10844,  10326,
 	 13560,  15375,  15951,  16106,   3822,
 	  4565,   6348,   8321,   9304,  12513,
 	 15894,  14161,  10425,   7495,   6146,
 	  5113,   4070,   3747,   3513,   3491,
 	  2960,   2744,  14921,  13466,  12137,
 	 11907,  12301,  12312,   7394,   7447,
 	  7488,   7417,   7350,   7313,  12695,
 	 12858,  12820,  12413,  11907,  15420,
 	  8743,   6984,   5355,   4486,   4898,
 	 13714,  10386,  15447,  16843,  17140,
 	 17172,  17151,   3679,   7327,   9177,
 	 10451,  14755,  16151,  16180,  15135,
 	 13335,  11642,  11025,  10694,   7493,
 	  7136,   5664,   4566,   4476,   4886,
 	 15466,  15551,  15751,  15997,  16185,
 	 16320,   9468,   9671,  10238,  10199,
 	  9596,  12835,  12316,   9529,   5269,
 	  3611,   3099,  10310,   2647,   2626,
 	  2642,   2671,   2816,   4405,   8352,
 	  8502,   8611,   8818,  13898,  15948,
 	  2957,   2720,   2684,   2668,  12167,
 	 13076,   8545,   7370,   3200,   2788,
 	  2876,   3006,   2594,   2586,   2588,
 	  2585,   2629,   3003,  11478,   7998,
 	  6086,   4868,  11632,  12491,   2734,
 	  2674,   2708,   2815,   5743,   5276,
 	 10995,   9934,   9334,   9147,   9246,
 	 14178,   3021,   2779,   2838,   3448,
 	  6795,  11272,   3240,   9667,  11971,
 	 16151,  17294,  17412,   2897,   3187,
 	  6538,  10148,  15125,  16699,  12881,
 	 11268,   8903,   6644,   5237,  10300,
 	  2746,   2868,   3577,   3487,   3215,
 	  4159,  10332,  10894,  11505,  12687,
 	 16053,  17247,   4413,   4610,   4730,
 	  5075,  11987,  13095,  15792,  14667,
 	 12951,   9785,   5038,  12030,   3709,
 	  3318,   2908,   2710,   2966,   4444,
 	  8670,  11462,  14720,  15662,  15873,
 	 15801,   2973,   2797,   8874,  10258,
 	 10978,  14135,  16613,  15247,  12721,
 	  8494,   5257,   3961,   4577,   3891,
 	  3045,   2722,   2649,   2720,  15947,
 	 14897,  13721,  12509,  12220,  13591,
 	  8022,   6949,   6192,   5896,   5843,
 	  5902,  14445,  14230,  13735,  12725,
 	 11853,  15666,   8234,   5048,   3830,
 	  3033,   3127,  13727,   9351,  15947,
 	 17593,  17984,  18008,  18039,   3917,
 	  6982,  11642,  13615,  14982,  15721,
 	 17187,  16340,  14475,  11691,  10433,
 	 10440,   7004,   5435,   3471,   3163,
 	  3623,   4242,  16363,  17437,  17842,
 	 17751,  17237,  16258,   9833,   8538,
 	  8449,   9238,  11843,  14852,   9326,
 	  8176,   6863,   6311,   5879,   5493,
 	  2665,   2653,   2725,   3297,   3677,
 	  3643,   8618,   9009,   9839,  10612,
 	 11514,  15863,   3409,   3647,   5252,
 	  7351,   8855,   9911,  11128,   9363,
 	  7866,   6755,   5263,   3470,   3526,
 	  3666,   3564,   2903,   2671,   2683,
 	 11113,  10026,   9848,   9876,   9928,
 	  9713,   6050,   6045,   6048,   6085,
 	  6151,   6129,   9589,   9349,  10636,
 	 11102,  10477,   9149,   3000,   3025,
 	  3654,   5480,   7781,   8641,   8661,
 	  8906,  14119,  15635,  15961,  15936,
 	  3195,   2976,   7432,  12069,  12656,
 	 12749,  11479,  11723,  11364,  10139,
 	  9096,   8523,   4397,   4491,   4365,
 	  4128,   4235,   4465,  11274,  12209,
 	 12937,  13069,  13048,  13183,   8091,
 	  8497,   8837,   9084,   9277,   9353,
 	 14068,  13093,  11863,  10587,   9669,
 	  9111,   3087,   3702,   3864,   3625,
 	  4063,   4462,  12101,  12644,  13402,
 	 13933,  14250,  14478,   3450,   6165,
 	  7610,   8095,   8185,   8114,  15745,
 	 14372,  11354,   9684,   8263,   6291,
 	  4456,   4343,   3940,   3196,   3076,
 	  3624,  14642,  14077,  13471,  12899,
 	 12409,  12184,   8272,   8039,   7801,
 	  7578,   7265,   6890,  13370,  12926,
 	 14124,  14636,  13800,  12688,   6471,
 	  5798,   5802,   5766,   5749,  11814,
 	 12447,  15655,  16648,  16845,  16832,
 	 16710,   3564,  12767,  13048,  11548,
 	 11195,  11387,  15730,  15240,  14578,
 	 13668,  12098,  10319,   6156,   6262,
 	  5998,   5327,   4569,   3954,  16035,
 	 15932,  15792,  15617,  15395,  15120,
 	 10340,  10413,  10498,  10591,  10646,
 	 10573,   9991,   8407,   6953,   5679,
 	  4923,   4486,   2652,   2645,   2654,
 	  3330,   3622,   2862,   8387,   8766,
 	  9721,  10693,  11908,  12639,   3574,
 	  2890,   2955,   9141,   9692,   8914,
 	  9728,   9078,   7265,   3589,   2823,
 	  2933,   3261,   3123,   2675,   2613,
 	  2624,   2623,  13101,  10336,   9361,
 	  9285,   9330,   9479,   4922,   4949,
 	  5008,   5210,   5347,   5376,   8919,
 	 11100,  11565,  10728,   9954,   9318,
 	  2793,   2688,   3163,   4829,   6343,
 	  7609,   2997,  11080,  15718,  17325,
 	 17663,  17659,   3285,   3676,  11327,
 	 12161,  13080,  15686,  10749,  11127,
 	 11553,  11162,   8665,   6249,   3869,
 	  3230,   3636,   4139,   3638,   2998,
 	  9120,  13738,  14908,  15070,  14927,
 	 14782,   5262,   5270,   6253,   8818,
 	  9319,   8700,  13667,  13119,  12540,
 	 11118,   8694,   6397,   2785,   3614,
 	  4153,   3940,   3578,   3563,  10344,
 	 15056,  16307,  16130,  15234,  14105,
 	  2847,   3360,  11013,  11118,   8778,
 	  6978,  14948,  13650,  12205,   9859,
 	  6547,   4119,   4118,   4317,   3936,
 	  2951,   2697,   2724,  15813,  15534,
 	 15024,  14242,  13141,  11689,   7952,
 	  8410,   8455,   7494,   6568,   5512,
 	 15285,  15417,  15310,  14844,  13953,
 	 12505,   3811,   7784,   8579,   5525,
 	  4027,  11692,  11589,  16098,  17271,
 	 17420,  17242,  16910,   3214,  10212,
 	 12966,  13116,  12305,  11891,  16075,
 	 16056,  15587,  14580,  12641,   9134,
 	  3508,   7986,   7652,   4444,   4060,
 	  4407,  17175,  17267,  17273,  17173,
 	 16827,  16099,   8560,  10301,  12954,
 	 13113,  12163,  11865,  12176,   9807,
 	  7293,   8101,   9905,  15225,   3058,
 	  2708,   2798,   2966,   3281,  13854,
 	 10084,   6470,  11940,  13636,  16312,
 	 17054,   3484,   4143,   5149,   6885,
 	 13859,  15624,  12079,  10846,   8925,
 	  7806,   7432,   7364,   4023,   4030,
 	  3757,   3470,   3814,   4151,  11345,
 	 10831,  10140,  13293,  15012,  15516,
 	  5450,   5505,   5554,   6089,   8659,
 	  9524,  10541,  10277,  10070,  10098,
 	 15363,  16869,   3724,   2943,   2729,
 	  2864,  10970,  14803,   9014,   9819,
 	 15285,  17133,  17563,  17555,   6758,
 	  5752,   5135,  12670,  15925,  17182,
 	 13051,  12286,  11367,  10865,  10986,
 	 11265,   5929,   4984,   4686,   4739,
 	  5240,   5523,  13068,  12641,  13158,
 	 15354,  16425,  16758,   8830,   6612,
 	  5767,   9425,  11461,  12643,  12263,
 	 12085,  11745,  11102,  10560,  13068,
 	  3909,   3884,   3740,   3420,   3603,
 	 11628,  11873,  13540,  15268,  16116,
 	 16438,  16514,   3501,   8068,   9929,
 	 11354,  11963,  12733,  16145,  15015,
 	 13392,  11232,   9808,   9236,   5101,
 	  5103,   5127,   4651,   3904,   3810,
 	 14711,  14563,  14435,  14333,  14232,
 	 14096,   9146,   9255,   9427,   9555,
 	  9547,   9349,  16310,  15739,  15206,
 	 15380,  16338,  17028,   9880,   8732,
 	  7662,   6457,   5929,  13541,  14094,
 	 16236,  17249,  17551,  17555,  17443,
 	  3761,   9996,  10828,  11697,  15153,
 	 16096,  16848,  16293,  15392,  14425,
 	 13589,  12831,  11161,   9565,   8295,
 	  7618,   7081,   6620,  16399,  16650,
 	 16807,  16875,  16868,  16807,  11942,
 	 11863,  11567,  11349,  11460,  15165,
 	 13165,  10591,   7516,   4824,   3897,
 	 12946,   2729,   2648,   2809,   2914,
 	  2956,  10516,   7928,   8303,   9282,
 	 10142,  15495,  17118,   4099,   3393,
 	  3168,   3783,  15259,  16655,  11885,
 	  8534,   5985,   4678,   4373,   7291,
 	  3413,   3003,   2709,   2666,   2745,
 	  3465,  13265,  10420,   6702,  12519,
 	 14540,  16210,   5291,   3893,   2871,
 	  2793,  10911,  11519,  11075,  11208,
 	 11236,  11406,  16054,  17351,   6987,
 	  4258,   3198,   2992,  11413,  12521,
 	 10056,  10550,  16338,  17891,  18289,
 	 18215,   4779,   5179,   9890,  11573,
 	 16237,  17427,  14740,  13539,  11672,
 	  9828,  11456,  11967,   7134,   4031,
 	  3807,   3947,   3936,   3972,  12971,
 	 12804,  13247,  16676,  17809,  17960,
 	  9095,   6775,   5210,   7415,  14143,
 	 16035,  15020,  13780,  12384,  10703,
 	  8870,  13124,   6806,   5539,   4181,
 	  3251,   3344,  10650,  12228,  13139,
 	 15723,  16955,  17358,  17440,   5298,
 	  6018,   8946,  10643,  12330,  14226,
 	 16661,  15379,  12827,   9849,   9436,
 	  9758,   7779,   5238,   3665,   3145,
 	  2908,   2780,  15288,  14810,  14394,
 	 14271,  15095,  16234,  10430,   9306,
 	  8567,   8207,   8417,   8807,  17143,
 	 16522,  15646,  15105,  15272,  16107,
 	 11176,   7247,   5424,   4791,   4262,
 	 13280,  16154,  17790,  18572,  18825,
 	 18854,  18741,   4553,   9234,  11674,
 	 12126,  15568,  16914,  17483,  17048,
 	 16026,  14685,  13679,  13016,  13560,
 	 11489,   7903,   4947,   3478,   8208,
 	 17079,  17153,  17266,  17478,  17704,
 	 17810,  10813,  10610,  11099,  11724,
 	 14571,  16231,  11608,   9651,   8733,
 	  8845,   9491,  10924,   3296,   3691,
 	  4098,   4183,   3811,   8524,   9405,
 	  9626,  10237,  14848,  16284,  16578,
 	  4722,   4560,   5703,  10343,  11618,
 	 16177,  11973,  11116,   9840,   8885,
 	  8394,   8124,   3981,   3873,   3940,
 	  4197,   4417,   4405,  11242,  10961,
 	 11106,  11657,  12456,  13143,   7833,
 	  7784,   7749,   7718,   7788,   7880,
 	 11098,  10240,  11664,  14360,  15266,
 	 15472,   3389,   3156,   3834,   6622,
 	 10986,  15210,  10618,  10650,  15419,
 	 17032,  17438,  17446,   4856,   5370,
 	  7974,  14368,  16030,  16586,  12833,
 	 12698,  12434,  12012,  11594,  11136,
 	  5254,   5591,   6023,   6306,   6543,
 	  6638,  14325,  14143,  14300,  14824,
 	 15405,  15874,   9353,   9411,   9738,
 	 10252,  10748,  10866,  14766,  13691,
 	 12752,  12097,  11484,  11087,   4543,
 	  4986,   5395,   5647,   6034,   6400,
 	 11519,  14885,  16232,  16544,  16539,
 	 16428,   3135,   9647,  11163,  10409,
 	  9526,   8884,  15185,  14583,  13750,
 	 12465,  10376,   8867,   6078,   5604,
 	  5176,   4709,   4369,   4165,  15362,
 	 15135,  14847,  14549,  14225,  13857,
 	 10070,   9875,   9425,   8894,   8452,
 	  7975,  16104,  16427,  16528,  16426,
 	 15987,  15227,   7185,   8525,   8866,
 	  9071,   8765,  13516,  16025,  16462,
 	 16812,  17071,  17205,  17253,   3590,
 	 12587,  13615,  14117,  14664,  16288,
 	 16904,  16741,  16313,  15491,  14446,
 	 13422,  10430,  10592,   9708,   7936,
 	  6752,   5875,  16573,  16513,  16431,
 	 16339,  16243,  16123,  10985,  11478,
 	 11996,  12563,  12727,  12608,  11040,
 	  9821,   8770,   7266,   5899,  11776,
 	  2797,   2726,   2948,   3921,   4882,
 	  5275,   7704,   8438,  10813,  12607,
 	 15528,  16891,   3061,   2836,   2905,
 	 11966,  13043,  12952,  12770,   9888,
 	  7963,   7038,   6151,   5314,   3695,
 	  3562,   3123,   3373,   3654,   3581,
 	 12019,  10774,   9825,  12244,  13755,
 	 14331,   5077,   4755,   4213,   7944,
 	  8338,   6345,   7936,  11168,  11857,
 	 12156,  14012,  15979,   2843,   2828,
 	  3316,   5233,   9598,  14270,   4872,
 	 13207,  16543,  17884,  18143,  18097,
 	  3447,   3391,  12476,  14790,  16782,
 	 17285,  13405,  13250,  12973,  12532,
 	 11565,   9945,   4626,   3979,   4053,
 	  5054,   4952,   3971,  13157,  13515,
 	 14680,  16578,  17490,  17762,   7948,
 	  7950,   8677,  11953,  11929,  10158,
 	 14615,  14043,  13097,  11522,  10422,
 	 11944,   3062,   3975,   5358,   5652,
 	  5575,   5788,  10289,  14697,  16001,
 	 16267,  16272,  16119,   3457,   3252,
 	 12753,  13093,  11779,  11146,  16168,
 	 15126,  13689,  12293,  10254,   7414,
 	  6842,   6250,   5225,   4081,   3138,
 	  2941,  15728,  15592,  15356,  15008,
 	 14540,  13962,   9872,  10027,  10207,
 	  9987,   9166,   8096,  16101,  17243,
 	 17537,  17228,  16334,  15004,   8819,
 	  8301,   7951,   7777,   8376,  11305,
 	 15239,  17004,  17794,  18095,  18219,
 	 18183,   3494,  10680,  13730,  15302,
 	 15819,  15903,  16988,  16927,  16617,
 	 15907,  14512,  12012,   9147,  10783,
 	 10127,   6296,   4498,   3790,  17139,
 	 17125,  17125,  17145,  17175,  17183,
 	 10432,  12100,  14021,  14745,  14809,
 	 14758,   9781,   9136,   8066,   5789,
 	  4330,   7803,   2674,   2649,   2642,
 	  2672,   3518,   3881,   7583,   7580,
 	  8178,   9228,  10078,  15451,   3455,
 	  3001,   3070,   6717,   9768,  11079,
 	  8135,   6661,   4783,   3056,   2723,
 	  2722,   2923,   2621,   2581,   2577,
 	  2578,   2585,  10351,   8441,   6748,
 	  5908,   9191,  10873,   3650,   3211,
 	  3305,   4143,   4450,   4388,  10421,
 	 10500,  10608,  10614,  10609,  13802,
 	  2791,   2751,   2747,   2718,   2924,
 	 12104,   7479,   9236,  11202,  15317,
 	 16456,  16560,   3238,   3372,   4634,
 	 11411,  13764,  14617,  11585,  11526,
 	 10731,   8938,   7450,   6641,   3042,
 	  3506,   3305,   2923,   3647,   3927,
 	 11848,  12465,  12908,  13891,  15392,
 	 16297,   4821,   4977,   5526,   6137,
 	 10658,  11651,  15291,  13661,  11025,
 	  8507,   7856,   7787,   2930,   3840,
 	  3827,   2922,   2988,   3591,  12438,
 	 11943,  13932,  15266,  15521,  15280,
 	  3551,   3902,   9079,   9929,   8793,
 	  7561,  16360,  14851,  11494,   6276,
 	  4088,   3201,   3676,   3457,   2770,
 	  2848,   3204,   2909,  15659,  14486,
 	 13065,  11919,  11730,  12130,   7493,
 	  7255,   6926,   6619,   6238,   5730,
 	 16706,  15733,  14450,  13578,  13251,
 	 13636,   8617,   7501,   5902,   4235,
 	  3478,  11289,  13160,  16521,  17335,
 	 17364,  17177,  16953,   3886,   9598,
 	 11347,  10517,  10767,  14638,  17011,
 	 16331,  15119,  13531,  11374,   7537,
 	  6311,   6178,   3183,   2885,   2880,
 	  2829,  18132,  18014,  17592,  16779,
 	 15896,  15290,  11863,   9218,   7619,
 	 10718,  10630,   9058,   9999,   5758,
 	  3952,   3270,   3445,   4096,   2632,
 	  2624,   2624,   2604,   2689,   3521,
 	  7810,   7551,   7848,   9066,  12738,
 	 14665,   3022,   2843,   2738,   2872,
 	  8948,   9739,   4619,   2943,   2643,
 	  2648,   2625,   2654,   2564,   2564,
 	  2565,   2563,   2564,   2565,  11376,
 	  7814,   4523,   3796,   8273,  10140,
 	  3261,   2935,   2693,   2847,   3421,
 	  3355,  11114,  11805,  11054,   8751,
 	  7393,  12783,   4290,   3326,   2951,
 	  2740,   2836,  10071,   5796,   9083,
 	 14407,  15966,  16604,  16773,   3094,
 	  3049,   8906,  10464,  13744,  15375,
 	 12525,  11396,   8861,   6142,   5066,
 	  5138,   2663,   2699,   3161,   3121,
 	  2681,   2640,  11094,  12873,  13024,
 	 11746,  15225,  16621,   6386,   5392,
 	  4169,   3489,   8035,  11762,  15528,
 	 14520,  12673,   9201,   6710,   6911,
 	  3419,   3138,   3622,   3526,   3005,
 	  3523,  10538,  11061,  15245,  16142,
 	 15623,  14676,   3254,   2823,   9231,
 	 10740,  10581,  10376,  14976,  13269,
 	 10198,   5063,   3004,   2694,   3805,
 	  2839,   2646,   2640,   2631,   2629,
 	 16797,  15740,  13617,  11091,  12109,
 	 12812,   8021,   5890,   5154,   5190,
 	  4971,   4721,  17230,  16830,  15746,
 	 13616,  11082,  12143,   8391,   7117,
 	  5707,   4481,   3368,   8010,  13149,
 	 16988,  18006,  18093,  18034,  17926,
 	  3001,  10030,  11608,  11768,  13250,
 	 15099,  18331,  17942,  16773,  14052,
 	  9395,   6394,   7670,   3565,   2756,
 	  2810,   2737,   2768,  18842,  18895,
 	 18800,  18635,  18403,  18056,  12024,
 	  8913,   8118,   9946,  11560,  12106,
 	  9526,   9206,   8247,   7253,   6121,
 	  5271,   2706,   2689,   3116,   3269,
 	  3100,   3308,  10096,  10270,  10667,
 	 10876,  10885,  15505,   2988,   3478,
 	  6400,   7861,   8228,   8241,  10899,
 	  9370,   7358,   5313,   4100,   3523,
 	  2690,   3375,   3379,   2671,   2624,
 	  2627,  12167,  10879,  10146,   9792,
 	  9906,  10067,   5459,   5529,   5638,
 	  5757,   5897,   5940,  10842,  10395,
 	 12598,  13414,  12360,  11139,   2902,
 	  3026,   3901,   5001,   5675,   6144,
 	 10006,   9982,  14868,  16261,  16564,
 	 16516,   4468,   3726,  10479,  12513,
 	 12518,  12472,  12660,  11979,  11361,
 	 10753,   9327,   7746,   3743,   4131,
 	  4440,   4072,   3539,   3823,  13345,
 	 13502,  13796,  14030,  14100,  14193,
 	  6974,   7468,   8016,   8488,   8425,
 	  8085,  14425,  14289,  13687,  11081,
 	  7495,   6033,   3416,   3775,   4128,
 	  3816,   2911,   2762,  14058,  14051,
 	 14007,  13942,  13842,  13569,   3885,
 	  9179,   9738,   8537,   7529,   7395,
 	 16162,  15223,  13823,  10982,   5817,
 	  3835,   2933,   4388,   4381,   2992,
 	  2769,   2837,  15927,  15185,  14424,
 	 13650,  13014,  12518,   9024,   8722,
 	  8764,   8699,   7622,   5948,  16248,
 	 16113,  15690,  14921,  13482,  11125,
 	  3355,   7542,   7794,   6319,   6476,
 	  6622,  15797,  16560,  16804,  16749,
 	 16552,  16244,   3385,  13252,  14105,
 	 13243,  12545,  12375,  17412,  17098,
 	 16261,  14395,  11083,   6845,   3367,
 	  7372,   7668,   6177,   4514,   3668,
 	 17273,  17243,  17121,  16860,  16291,
 	 15301,   9670,  10247,  11230,  12040,
 	 11636,  10597,   9362,   8310,   6805,
 	  5251,   3471,   2845,   2605,   2590,
 	  2582,   2661,   3037,   2657,  10588,
 	  8525,   9090,  11497,  12114,  11726,
 	  3066,   3004,   3427,   8610,   8476,
 	  5761,   9762,   8120,   4958,   3271,
 	  2830,   2913,   2607,   2582,   2654,
 	  3006,   2636,   2594,  12948,  10377,
 	  7382,  10691,  10514,   6259,   4085,
 	  4054,   4325,   4495,   4212,   3816,
 	 10987,  12374,  13255,  12926,  11118,
 	  7833,   2773,   2784,   3429,   4797,
 	  4954,   4628,   6212,  13145,  15360,
 	 16261,  16800,  17018,   2902,   2886,
 	 11741,  13017,  13047,  13041,  12773,
 	 12292,  11752,  10672,   8009,   4630,
 	  2641,   2676,   3471,   3495,   2685,
 	  2690,  11762,  15245,  16288,  15786,
 	 14266,  11733,   3110,   3273,   8651,
 	  8803,   6436,   5389,  14612,  14002,
 	 13260,  11787,   8699,   4551,   2710,
 	  2784,   4042,   3965,   2841,   2762,
 	 13701,  15004,  15426,  15243,  14699,
 	 14180,   5085,   4724,  11855,  12219,
 	 10716,   9972,  15309,  14198,  12756,
 	  9820,   4829,   3054,   2741,   3368,
 	  3701,   3284,   2766,   2695,  16826,
 	 16091,  14768,  13452,  12587,  12202,
 	  6822,   6852,   7438,   7056,   5605,
 	  4354,  17404,  17331,  16991,  16187,
 	 14412,  10878,   4555,   8197,   8797,
 	  6984,   5895,   5149,  14769,  17072,
 	 17742,  17782,  17669,  17468,   4379,
 	 11987,  13347,  13817,  13880,  13547,
 	 18380,  18237,  17538,  15558,  11659,
 	  7881,   3757,   7518,   6699,   3274,
 	  2971,   3169,  18255,  18289,  18199,
 	 17975,  17611,  17103,  11103,   8066,
 	 12096,  12829,  11981,  11330,  14816,
 	 12651,   9643,   7211,   6293,  12949,
 	  2791,   2782,   2751,   2719,   2817,
 	  8732,  11763,  10565,   9596,  12912,
 	 16356,  17322,   3274,   3059,   2872,
 	  9241,  10104,  14567,  14509,  12074,
 	  8500,   6781,   6212,   5954,   2770,
 	  3200,   3173,   2770,   2869,   3274,
 	 13354,  12124,  10165,   8006,  11826,
 	 12618,   5339,   4800,   4640,   5608,
 	  7248,   7527,  11586,  11850,  12107,
 	 12166,  12784,  16036,   4415,   3894,
 	  3406,   3112,   3203,  14839,  10869,
 	 10654,  13019,  16609,  17596,  17725,
 	  4422,   4607,   5511,   9555,  15122,
 	 16470,  13725,  12877,  11910,  10820,
 	 10499,  10657,   4625,   4446,   4295,
 	  4490,   4959,   5168,  14849,  14431,
 	 14298,  15059,  16436,  17112,   7079,
 	  6835,   6835,   7498,   9317,  15521,
 	 15804,  14902,  13721,  11719,   9556,
 	 11041,   5040,   5045,   4312,   3284,
 	  3555,   5838,  13620,  15063,  15791,
 	 16043,  16103,  16034,   2850,   8386,
 	 10540,  10697,  10686,  11190,  16689,
 	 15921,  14369,  11065,   9104,   8210,
 	  5803,   5294,   4500,   3893,   3595,
 	  3784,  16173,  15590,  15008,  14516,
 	 14018,  13615,   9035,   8834,   8610,
 	  8410,   8227,   7935,  17882,  17624,
 	 16928,  16051,  15943,  16414,  10276,
 	  9240,   7657,   5339,   3926,  12218,
 	 16480,  17668,  18114,  18195,  18118,
 	 17930,   3786,  12214,  13140,  12332,
 	 11831,  15601,  17992,  17713,  16937,
 	 15537,  13753,  12089,  11182,   9938,
 	  7628,   5884,   5305,   5358,  17377,
 	 17259,  17094,  16952,  16848,  16761,
 	 12632,  11765,  10864,  10766,  12287,
 	 13960,  14792,  12726,   9343,   5432,
 	  3542,  12005,   2835,   2646,   2666,
 	  2725,   2891,   7203,   9029,   9771,
 	 10480,  11414,  15775,  17148,   3246,
 	  2964,   3188,   3911,  12554,  15928,
 	 13208,  10850,   6396,   4140,   3876,
 	  5340,   2602,   2682,   3075,   2640,
 	  2584,   2620,  13878,  11861,   7968,
 	  5114,  13262,  14211,   4423,   3968,
 	  3535,   3489,   7777,   7862,  10118,
 	 11738,  12615,  12227,  11349,  15015,
 	  5493,   4516,   3880,   4264,   4637,
 	 12969,  10448,  12159,  16279,  17551,
 	 17872,  17848,   6391,   5898,   5613,
 	  8395,  14758,  16379,  15295,  14018,
 	 11942,   8868,   8029,  10256,   5223,
 	  4883,   3481,   3030,   3861,   4272,
 	 14387,  13960,  13588,  16095,  17380,
 	 17722,  11285,   6650,   3671,   3271,
 	 12637,  14228,  16817,  15898,  14017,
 	 11069,   7292,  10915,   7376,   4319,
 	  2860,   2690,   2900,  10274,  13519,
 	 13140,  16461,  17324,  17325,  17022,
 	  7378,   5607,   9961,  11542,  11987,
 	 13134,  17165,  16220,  14094,  10086,
 	  7312,   6410,   5815,   3045,   2767,
 	  2761,   2718,   2775,  16709,  15789,
 	 14705,  14224,  14771,  16122,  10714,
 	  7123,   6057,   8111,   8479,   8368,
 	 18730,  18795,  18567,  18023,  16737,
 	 14006,  14650,  11780,   6481,   3713,
 	  3408,  11670,  18698,  18897,  18965,
 	 18960,  18891,  18723,   3904,  12395,
 	 12748,  11824,  15620,  16741,  18354,
 	 18203,  17770,  16705,  14201,  10090,
 	 14929,  12694,   7774,   4716,   3919,
 	  3867,  18528,  18530,  18423,  18247,
 	 18014,  17702,  13099,  12102,  10138,
 	  8830,  13913,  15642,  13283,  12392,
 	 11236,   9670,   8192,  12024,   2904,
 	  3084,   3456,   3414,   3338,   6500,
 	 13265,  12377,  11585,  14179,  15837,
 	 16328,   5898,   4667,   5747,   9290,
 	 10905,  14817,  12709,  12421,  11323,
 	  8789,   6378,   5108,   3798,   3751,
 	  3445,   2838,   2957,   3478,  13746,
 	 13263,  12568,  12059,  12388,  13381,
 	  6565,   6981,   7322,   7655,   7870,
 	  8043,  13541,  13839,  13787,  13362,
 	 13646,  16518,   4331,   4532,   4693,
 	  5227,   8785,  14721,  11965,  11761,
 	 15478,  17462,  18078,  18195,   5284,
 	  4548,  12266,  13838,  15292,  16456,
 	 14148,  13932,  13359,  12474,  11436,
 	 10436,   4326,   5058,   5622,   5683,
 	  5340,   5002,  15066,  15120,  15236,
 	 15447,  15731,  16019,   7407,  10184,
 	 10823,  10725,  10930,  11189,  16924,
 	 16445,  15457,  13730,  10895,   9762,
 	  2852,   6004,   6334,   4446,   3507,
 	  3285,  14966,  15943,  16204,  16172,
 	 15948,  15601,   2800,  11585,  12418,
 	 11670,  10798,  10344,  16731,  15907,
 	 14535,  12192,   9347,   8828,   6153,
 	  5721,   5408,   4796,   3679,   3015,
 	 16286,  16191,  15902,  15417,  14747,
 	 14008,  11361,  10699,  10349,   9925,
 	  9085,   8040,  17697,  17812,  17747,
 	 17382,  16347,  14590,   3746,  11353,
 	 11562,   9352,   7952,   7138,  16954,
 	 17479,  17706,  17740,  17665,  17515,
 	  3809,  14091,  15867,  16364,  16446,
 	 16368,  17512,  17457,  17058,  16037,
 	 14413,  13222,  10030,  10456,  10921,
 	  9454,   5587,   3759,  16834,  16800,
 	 16767,  16754,  16754,  16745,  12470,
 	 12979,  13271,  13228,  13190,  13264,
 	 14687,  13516,  11896,   8759,   4571,
 	 10394,   2752,   2705,   2834,   4135,
 	  4119,   2970,   9421,   9203,  12953,
 	 14617,  15058,  15118,   4169,   3577,
 	  3544,  12454,  12747,  11462,  15804,
 	 13477,   9736,   6055,   4338,   3238,
 	  3455,   2981,   3242,   3286,   2774,
 	  2698,  14357,  11796,   8569,  12815,
 	 13360,  12349,   4122,   3861,   3925,
 	  7465,   7062,   4014,  12225,  13879,
 	 14209,  13527,  12581,  11635,   4400,
 	  3713,   4237,   5822,   7661,  12274,
 	 11987,  13249,  17262,  18264,  18338,
 	 18220,   3031,   3209,  14535,  16149,
 	 16690,  16906,  14280,  14136,  13765,
 	 13238,  11686,   9194,   3796,   4569,
 	  5195,   4893,   3988,   3616,  14648,
 	 16408,  16944,  16936,  16743,  16513,
 	  8246,   6838,  11274,  11558,  10876,
 	 10614,  16264,  15789,  15051,  13562,
 	 10185,   8314,   2939,   3176,   5015,
 	  5550,   4742,   4118,  14653,  16589,
 	 17167,  16915,  15940,  14513,   6829,
 	  4557,  12682,  14053,  13199,  11521,
 	 17918,  17249,  15391,  12041,   8250,
 	  5378,   6368,   5450,   4376,   3025,
 	  2714,   2771,  16962,  16665,  16150,
 	 15534,  15004,  14631,   9088,   8797,
 	  9082,  10238,   9746,   7023,  18304,
 	 18338,  18232,  17801,  16755,  15249,
 	  8651,  11276,  10992,   8884,   8483,
 	  8986,  17867,  18398,  18686,  18829,
 	 18851,  18756,   3601,  12469,  13535,
 	 15351,  16803,  17200,  18443,  18439,
 	 18161,  17277,  15326,  12191,  12749,
 	 11739,  10012,   6957,   3658,   2911,
 	 17848,  17834,  17762,  17674,  17562,
 	 17414,  11812,   9926,  13177,  14215,
 	 14031,  13700,  12837,   9739,   5046,
 	  3126,  10496,  11925,   2699,   2629,
 	  2659,   2939,   5501,   6885,  10006,
 	  7015,   5138,  13894,  15915,  16995,
 	  3192,   2898,   2851,  10943,  12752,
 	 15468,  10663,   8751,   7370,   6675,
 	  6452,   6281,   3518,   3568,   3774,
 	  3879,   3811,   3758,  11635,   9727,
 	  6943,  11727,  13342,  14740,   4668,
 	  5120,   5991,   6829,   7310,   7690,
 	 10120,   9887,   9805,   9630,  13203,
 	 15922,   3565,   3413,   3547,   3896,
 	 12490,  13109,  10043,  10195,  10651,
 	 15789,  17375,  17729,   2875,   2779,
 	  3198,  14215,  16271,  16947,  12588,
 	 11913,  11201,  10575,  10040,   9784,
 	  5487,   5532,   5544,   5494,   5364,
 	  5325,  13220,  12497,  11708,  15969,
 	 17313,  17592,  10288,   5710,   3669,
 	 10264,  11621,  11160,  15746,  14220,
 	 11346,   7475,  11986,  12770,   3481,
 	  3691,   3596,   3548,   5554,   6509,
 	 12340,  12321,  12084,  15010,  16827,
 	 17384,   4796,   5323,   6181,  11532,
 	 12998,  12814,  15837,  14542,  11940,
 	  9512,   8922,   8855,   5264,   4873,
 	  4432,   4428,   4506,   4430,  14350,
 	 13928,  13296,  12844,  12886,  14151,
 	  8352,   8341,   8256,   8066,   7882,
 	  7664,  14466,  13942,  13442,  13832,
 	 15697,  16749,   8851,   7364,   5471,
 	  4334,   9126,  12724,  14527,  14886,
 	 16537,  17616,  18059,  18163,   3178,
 	  8715,  10495,  14354,  15852,  16269,
 	 15917,  15296,  14503,  13461,  12280,
 	 11558,   8062,   7760,   6915,   6089,
 	  5406,   4898,  16128,  16172,  16219,
 	 16281,  16350,  16404,  11099,  10554,
 	  9872,   9695,  12332,  13687,  13175,
 	 10344,   6423,   5566,   8620,   9614,
 	  2732,   2659,   2701,   2879,   4166,
 	  4797,   8642,   8420,   8462,  13948,
 	 16096,  16663,   3004,   2833,   2814,
 	  7452,  13554,  15073,  13920,  10887,
 	  6333,   3816,   3038,   2868,   2751,
 	  2666,   2681,   3238,   3113,   2667,
 	 14134,  11488,   7714,  10225,  11602,
 	 13178,   7367,   5064,   3715,   3812,
 	  6006,   7394,   7872,  10404,  10666,
 	  9444,  13477,  14996,   2961,   2807,
 	  2780,   2963,  10694,  11267,   3466,
 	 12563,  14547,  16968,  17772,  17922,
 	  2962,   3035,   9876,  11790,  16058,
 	 17144,  15064,  13538,  11467,  10043,
 	  9958,   9953,   4818,   3521,   3087,
 	  4425,   6138,   6410,  13037,  13683,
 	 14323,  15288,  16293,  16966,   9224,
 	  7756,   6344,   5362,  12717,  15075,
 	 14482,  13598,  12609,  10447,   7620,
 	 11334,   4222,   3387,   2786,   3029,
 	  4261,   5700,  12241,  11017,  14733,
 	 16123,  16446,  16401,   5081,   4506,
 	  8233,  11291,  14032,  15674,  16208,
 	 15162,  13394,  10617,   8189,   6748,
 	  5448,   4930,   4333,   3830,   3200,
 	  2881,  14658,  14476,  14248,  13966,
 	 13666,  13403,   9882,   8600,   7735,
 	  7516,   7904,   8190,  15680,  15109,
 	 14443,  13933,  14060,  15070,   9867,
 	  5190,   3416,   3033,   9554,  11759,
 	 13542,  15793,  17447,  18099,  18330,
 	 18351,   6529,   4850,  11686,  15637,
 	 17401,  17831,  17111,  16522,  15503,
 	 14252,  13005,  11822,  10601,   7068,
 	  5056,   4661,   6166,   6516,  16786,
 	 16778,  16817,  16959,  17146,  17273,
 	 11578,  11191,  10636,  10273,  14249,
 	 15892,  10215,   9667,   9039,   8266,
 	  7568,   7195,   2742,   2830,   3617,
 	  4084,   4182,   4083,   9899,   9550,
 	  9469,  13304,  15756,  16559,   5858,
 	  4828,   3715,  10781,  12359,  12517,
 	 12232,  10993,   9457,   8000,   6551,
 	  5271,   3838,   3976,   3836,   3598,
 	  3497,   3356,  11923,  11386,  10815,
 	 10534,  10543,  10975,   6719,   6840,
 	  6923,   7074,   7241,   7328,  11807,
 	 11734,  11729,  11692,  11570,  11435,
 	  3517,   3928,   4159,   4470,   8939,
 	 10064,   8995,  12034,  15985,  17001,
 	 17098,  16937,   4744,   4811,   5609,
 	 13125,  14188,  15029,  14243,  13355,
 	 12396,  11580,  10933,  10439,   6289,
 	  5971,   5577,   5319,   5109,   4869,
 	 14022,  14157,  14395,  14525,  14603,
 	 14735,   9761,   9110,   8946,   9072,
 	  9589,  10056,  14052,  13590,  12933,
 	 11821,  10167,   8983,   3155,   3560,
 	  4233,   4572,   4377,   4025,  12825,
 	 13769,  14721,  15375,  15626,  15631,
 	  4813,   6625,   7949,   8953,   9575,
 	  9847,  15000,  14465,  13753,  12413,
 	  9565,   7019,   4483,   5063,   4727,
 	  3619,   3704,   3981,  15329,  14962,
 	 14576,  14182,  13760,  13294,   9211,
 	  9035,   8922,   8871,   8842,   8825,
 	 14883,  14653,  14352,  13891,  13210,
 	 12334,   5417,   6243,   6834,   7081,
 	  7293,   7469,  13934,  15498,  16556,
 	 17061,  17278,  17337,   3237,  11036,
 	 12029,  12176,  12534,  12641,  16389,
 	 15982,  15193,  13958,  12438,  10807,
 	  8800,   8811,   7667,   6297,   5064,
 	  4099,  16523,  16397,  16229,  16080,
 	 15960,  15854,  10974,  11065,  11068,
 	 11039,  11039,  10982,  10783,   9919,
 	  8656,   7274,   5854,   4831,   2724,
 	  2744,   3282,   3749,   3342,   2704,
 	  8165,   8398,  11675,  14307,  14585,
 	 13929,   3230,   2745,   2948,  10984,
 	 11354,   9999,  13804,  10600,   7530,
 	  6108,   4889,   3722,   3245,   3563,
 	  2995,   2664,   2642,   2698,  13379,
 	 11263,  10638,  11132,  11109,  10428,
 	  6188,   6330,   6457,   6586,   6705,
 	  6768,   7976,  13121,  13570,  12322,
 	 11386,  11107,   3026,   2973,   3232,
 	  7293,   8439,   7894,   3075,  15081,
 	 16538,  17144,  17331,  17437,   3299,
 	  3165,   9035,  13349,  15326,  16289,
 	 13910,  13275,  12701,  12303,  10782,
 	  7849,   3906,   4170,   4556,   4820,
 	  4826,   4760,  11944,  14970,  15903,
 	 15972,  15766,  15454,   7223,   7227,
 	  7592,   9404,  10939,  11499,  16121,
 	 15385,  14243,  12774,   9593,   4845,
 	  2842,   3006,   3900,   4414,   3968,
 	  3089,  12622,  13477,  15833,  16347,
 	 15782,  14803,   2885,   2833,  10990,
 	 11683,  10682,  10767,  16221,  15367,
 	 14066,  11950,   7830,   4215,   4300,
 	  4517,   4645,   4069,   2904,   2795,
 	 16122,  15697,  15083,  14349,  13493,
 	 12675,   8604,   8612,   9391,   9557,
 	  8308,   7322,  13982,  15938,  16509,
 	 15983,  14714,  12503,   5241,   5817,
 	  8449,   8744,   7213,   5829,  14453,
 	 17313,  18364,  18660,  18707,  18662,
 	  3245,   7618,  14048,  15837,  16676,
 	 16950,  16682,  16584,  16252,  15558,
 	 13826,  10266,   6680,   8031,   7714,
 	  5197,   4104,   3663,  17537,  17665,
 	 17678,  17556,  17253,  16732,   8564,
 	 12397,  13145,  13274,  13445,  13366,
 	 12329,  10371,   8089,   8264,  13505,
 	 15737,   3189,   3477,   4430,   4966,
 	  5977,  13676,  11554,  11500,  11221,
 	 15842,  17583,  18030,   7091,   4402,
 	  3567,  11414,  13634,  16243,  14254,
 	 11656,   9201,   8582,   8385,   8274,
 	  5334,   5353,   5260,   4954,   4874,
 	  4880,  12411,  11759,  11333,  11555,
 	 15035,  16554,   8188,   7857,   7923,
 	  8383,   9310,   9665,  12446,  12336,
 	 12067,  12177,  16292,  17460,   5839,
 	  4471,   3457,   3188,  13112,  14294,
 	 11545,  12345,  13948,  16248,  17282,
 	 17607,   4545,   3984,   5002,  15089,
 	 16734,  17244,  13685,  12972,  12228,
 	 11795,  11635,  11710,   7556,   7374,
 	  7237,   7095,   6853,   6590,  14202,
 	 14179,  14907,  15889,  16432,  16610,
 	  9541,   7743,   6028,  12050,  12653,
 	 12373,  13778,  12665,  11573,  11126,
 	 11654,  15538,   4158,   4439,   4815,
 	  4970,   5300,  10916,  13229,  14415,
 	 15724,  16447,  16783,  16886,   4014,
 	  7890,  11234,  13016,  13592,  13144,
 	 15694,  14339,  12369,  10974,  10752,
 	 10717,   6627,   6565,   6507,   6372,
 	  6202,   6006,  15075,  14979,  14871,
 	 14752,  14614,  14462,   9968,   9949,
 	  9943,   9990,  10025,  10090,  16203,
 	 16169,  16287,  16562,  16885,  17099,
 	  9631,   9013,   7496,   5956,  11477,
 	 12616,  16191,  16696,  17144,  17481,
 	 17686,  17761,   4381,  10349,  11745,
 	 14839,  16490,  16796,  16670,  16290,
 	 15616,  14812,  14176,  13649,  11467,
 	  9586,   9227,   9093,   8735,   8351,
 	 16495,  16489,  16492,  16513,  16540,
 	 16554,  12719,  11976,  12198,  13185,
 	 14244,  15004,  14536,  13077,  10185,
 	  8234,   9795,  15010,   5534,   3341,
 	  2828,   2813,   3094,  12089,  10492,
 	 11061,  11720,  14827,  16574,  16995,
 	  3601,   3352,   3237,  12651,  14532,
 	 16629,  16900,  14990,  10090,   7232,
 	  6887,  10093,   5215,   3766,   3486,
 	  3790,   4036,   4197,  14158,  13760,
 	 12584,  11641,  15696,  17120,   8126,
 	  6840,   5320,   4374,  11140,  11729,
 	 13304,  13530,  13557,  13655,  16717,
 	 17831,   7378,   5760,   4671,   4264,
 	 14271,  15384,  10917,  15096,  17373,
 	 18048,  18114,  18003,   3783,   5968,
 	 10494,  15559,  16969,  17345,  15284,
 	 13808,  11847,  12372,  13501,  14001,
 	  7827,   6398,   6057,   6256,   6848,
 	  7862,  15345,  15395,  15934,  16816,
 	 17462,  17698,   9556,   8870,   9078,
 	  9495,  15039,  16656,  14748,  14221,
 	 13403,  12290,  11212,  13981,   9504,
 	  6622,   4019,   3022,   2961,  11414,
 	 14380,  14352,  15121,  16607,  17467,
 	 17773,   5677,   4668,  11068,  12535,
 	 13391,  14796,  16461,  15688,  14446,
 	 12748,  11323,  10821,   9525,   7017,
 	  5721,   5303,   5042,   4528,  15796,
 	 15719,  15665,  15648,  15670,  15681,
 	 10865,  10241,   9775,  10016,  10780,
 	 11369,  17330,  16822,  16126,  16063,
 	 16624,  17028,  11858,   9212,   5406,
 	  3650,  12994,  14211,  17260,  17513,
 	 17754,  18000,  18160,  18188,   7684,
 	  8437,  15456,  17213,  17602,  17563,
 	 17814,  17657,  17156,  16245,  15189,
 	 14248,  14384,  12456,   9167,   6672,
 	  7710,   9594,  17285,  17328,  17348,
 	 17366,  17374,  17348,  13524,  12803,
 	 12581,  13519,  16094,  17050,  11397,
 	 10853,  10746,  10695,  10411,   9901,
 	  3730,   4375,   4679,   4940,   6088,
 	  8499,  11558,  11433,  12020,  15947,
 	 16937,  17045,   7984,   6292,   4861,
 	 12070,  13863,  14921,  12939,  11756,
 	 10420,   9569,   8988,   8742,   4644,
 	  4773,   4889,   4853,   4720,   4665,
 	 12960,  12120,  11878,  12651,  13241,
 	 13627,   7945,   7952,   8080,   8245,
 	  8295,   8298,  10522,  12053,  12842,
 	 13463,  14286,  15722,   6339,   5696,
 	  5463,   5215,  11577,  15095,  10818,
 	 13190,  16229,  17037,  17136,  17038,
 	  6304,   7267,   9415,  15320,  17018,
 	 17321,  13720,  13485,  13123,  12712,
 	 12157,  11506,   8596,   7926,   7412,
 	  6989,   6559,   6145,  15540,  15510,
 	 15466,  15415,  15340,  15251,   9939,
 	 10064,  10499,  11032,  11491,  11813,
 	 14050,  14031,  13915,  13549,  12880,
 	 11676,   3686,   4292,   6649,   7716,
 	  7044,   6058,  13606,  15765,  16538,
 	 16654,  16574,  16357,   3616,  10912,
 	 11239,  10236,  10449,  10487,  15565,
 	 14820,  13911,  12896,  11509,   9841,
 	  7108,   6793,   6362,   5825,   5190,
 	  4676,  15584,  15433,  15255,  15069,
 	 14889,  14688,  10012,   9765,   9600,
 	  9427,   9223,   9133,  16815,  16663,
 	 16431,  16109,  15717,  15280,   5988,
 	  8165,   9396,   9866,  10020,  10136,
 	 16597,  17033,  17261,  17342,  17329,
 	 17248,   6241,  10629,  12088,  13283,
 	 14359,  15029,  17111,  16990,  16655,
 	 16016,  15037,  14050,  11489,  10690,
 	 10145,   9234,   7558,   5400,  16818,
 	 16775,  16702,  16612,  16491,  16324,
 	 12255,  12220,  12153,  12114,  12135,
 	 12208,  11020,  11473,  11624,  11237,
 	 10376,   9509,   2839,   2841,   3030,
 	  6541,   6963,   5116,   6362,  11066,
 	 12725,  16446,  17545,  17695,   3709,
 	  3101,   2975,  14219,  14849,  13964,
 	 12799,  12207,  11212,   9924,   8143,
 	  6630,   4453,   4185,   4124,   4019,
 	  3560,   2975,  13865,  12562,  10204,
 	 14411,  15265,  15454,   7611,   5324,
 	  3919,   7416,   9679,  10971,  11130,
 	 14106,  15014,  15150,  15129,  15085,
 	  4747,   5601,   7096,   7851,  12002,
 	 15070,   6858,  14756,  16550,  17319,
 	 17571,  17520,   2945,   2897,  11135,
 	 15777,  17558,  17922,  13231,  13007,
 	 12826,  12817,  12631,  12277,   6174,
 	  5679,   5220,   6716,   6339,   4167,
 	 14477,  14945,  15946,  16622,  16881,
 	 16886,   8467,   7541,   8000,  12683,
 	 14162,  14466,  15090,  14928,  14608,
 	 14247,  13350,  10592,   3072,   3092,
 	  7179,   7426,   5334,   4317,  11726,
 	 14625,  16467,  17129,  17360,  17401,
 	  4530,   4085,  13161,  13789,  13273,
 	 13137,  16454,  15780,  14708,  13544,
 	 11844,   9093,   7567,   6878,   6033,
 	  5140,   4150,   3303,  16394,  16378,
 	 16244,  15920,  15373,  14547,  11197,
 	  9760,  12225,  12132,   9592,   8228,
 	 17806,  18001,  18076,  17992,  17476,
 	 16281,   7544,   8758,  11268,  11052,
 	  8802,   6856,  17463,  17966,  18271,
 	 18425,  18484,  18445,   6074,  10636,
 	 15645,  17075,  17409,  17336,  17133,
 	 17108,  16941,  16475,  15278,  13105,
 	 13065,  12180,  10968,   8920,   5389,
 	  3451,  17697,  17604,  17460,  17352,
 	 17293,  17242,  13622,  13164,  13040,
 	 13673,  14605,  15494,  12337,   9625,
 	  8329,   8246,   8270,   8420,   2707,
 	  2704,   2824,   3618,   4213,   4230,
 	 11010,   6711,   4698,  13550,  13986,
 	 12418,   3092,   2710,   2744,   9434,
 	 11343,  11853,  11790,   8466,   5988,
 	  5292,   5048,   4573,   3321,   2625,
 	  2613,   2644,   2635,   2634,  12556,
 	  9761,   4859,  10672,  11592,  11389,
 	  3972,   4332,   4663,   5078,   5623,
 	  5818,  10705,  10766,  11002,  11175,
 	 12440,  15941,   3206,   3024,   3073,
 	  3328,   9799,  12410,   9361,   9301,
 	 13050,  16112,  17106,  17314,   3057,
 	  3533,   6488,  13726,  16099,  17083,
 	 14100,  11856,   9688,   9084,   9297,
 	  9726,   4103,   3759,   3396,   4076,
 	  4233,   3591,  14306,  13522,  12774,
 	 15340,  16668,  16994,   6809,   6727,
 	  6921,   7011,  10119,  11661,  16227,
 	 14385,  11478,   9916,  10469,  11150,
 	  3233,   4505,   4751,   4263,   4334,
 	  4636,  13201,  12653,  14764,  16263,
 	 16642,  16621,   4090,   4608,   8498,
 	 10845,  11976,  12728,  16899,  15476,
 	 12481,   7624,   6185,   5459,   5043,
 	  4496,   3920,   3214,   2778,   2738,
 	 15464,  14580,  13790,  13333,  13283,
 	 13593,   9507,   8988,   8281,   7508,
 	  7022,   6683,  17222,  16516,  15528,
 	 14824,  14428,  14540,   8502,   7274,
 	  6463,   5784,   5856,  10497,  15210,
 	 16173,  17084,  17679,  17944,  17981,
 	  6207,   8710,  11155,  12090,  12716,
 	 14108,  17327,  16617,  15091,  13240,
 	 11867,  10672,  10788,   7676,   5842,
 	  4618,   3402,   3063,  17104,  16889,
 	 16584,  16294,  16104,  15979,  12318,
 	 10870,  10636,  11187,  11699,  11939,
 	 12399,   9969,   7469,   6659,   6726,
 	  7545,   3436,   2886,   3000,   3577,
 	  3889,   3817,   9170,   8956,   9138,
 	 12145,  14577,  15552,   3059,   3327,
 	  4922,   9131,  11403,  13939,  12207,
 	  9450,   6018,   3882,   2961,   3070,
 	  2669,   3046,   2684,   2587,   2592,
 	  2603,  14100,  11393,   7276,   5249,
 	 10252,  12067,   4578,   4223,   3849,
 	  3891,   4766,   8175,  11873,  11269,
 	 10688,  10061,  10343,  15024,   6166,
 	  4046,   2871,   2858,   8511,  10459,
 	  9323,  13724,  16465,  17473,  17749,
 	 17771,   3357,   2993,  11590,  12697,
 	 15543,  16709,  14947,  13238,  10517,
 	  9168,   9088,   9032,   4263,   2975,
 	  2818,   3085,   3360,   3541,  16061,
 	 15021,  14094,  14059,  16184,  17171,
 	  8429,   6592,   5619,   5814,   8163,
 	 14681,  15223,  14261,  13001,  10729,
 	  8500,   8638,   3005,   3009,   5053,
 	  4876,   2837,   2724,  12270,  11705,
 	 15759,  17052,  17280,  17216,   5658,
 	  3512,  12217,  12678,  11703,  13163,
 	 17246,  16397,  14250,  10443,   5986,
 	  4260,   6031,   4533,   2997,   2736,
 	  2686,   2726,  16542,  15906,  15078,
 	 14269,  13857,  14667,   9448,   7937,
 	  6547,   6259,   6780,   7311,  17888,
 	 17597,  16650,  15396,  14896,  14866,
 	 10410,   8599,   6932,   5731,   5025,
 	 10110,  16399,  17007,  17559,  18035,
 	 18274,  18301,   6212,   6139,  13916,
 	 14581,  14345,  15046,  17917,  17487,
 	 16468,  14344,  11732,  10346,  12338,
 	  7831,   4701,   3470,   3042,   3158,
 	 18116,  17997,  17747,  17459,  17223,
 	 17032,  12724,  10824,   8394,  12046,
 	 12317,  11073,  10045,   9781,   9638,
 	  9049,   7186,   3852,   2714,   3052,
 	  3452,   3581,   3619,   3461,  10289,
 	 10480,  11921,  13011,  13500,  14139,
 	  5607,   4858,   4878,  10628,  10930,
 	 10505,  13917,  12386,   9926,   7461,
 	  5474,   3988,   3239,   3522,   3473,
 	  3505,   3422,   2885,  14855,  12816,
 	 11048,  11028,  11095,  10817,   6959,
 	  6891,   6753,   6665,   6640,   6569,
 	  9329,  11893,  14175,  14617,  13754,
 	 12685,   2960,   3406,   5118,   6429,
 	  7012,   6987,  11003,  11723,  15203,
 	 16422,  16700,  16693,   3172,   3628,
 	 11766,  14197,  14853,  15722,  15114,
 	 14091,  12884,  11393,  10058,   9784,
 	  5440,   5302,   5205,   5256,   4855,
 	  4052,  15127,  15093,  15071,  15083,
 	 15095,  15079,   8510,   8668,   9120,
 	  9695,  10165,  10307,  14997,  14846,
 	 14431,  13600,  11458,   7785,   3542,
 	  3973,   4379,   4507,   3986,   2883,
 	 14906,  15889,  16114,  15829,  15149,
 	 14266,   6873,   6977,   7464,  11059,
 	 10844,   7665,  16907,  16274,  14824,
 	 12493,   8890,   6589,   3255,   5589,
 	  5440,   2871,   2709,   2857,  16166,
 	 16054,  15774,  15221,  14298,  12890,
 	 10328,  10361,  10293,   9464,   8093,
 	  6783,  16258,  16492,  16437,  16000,
 	 14968,  13258,   4513,  10066,  10154,
 	  7000,   4988,   4376,  16005,  17265,
 	 17685,  17732,  17663,  17545,   3495,
 	 14667,  15155,  14356,  13823,  14113,
 	 17395,  17077,  16338,  14966,  13156,
 	 11564,   9617,   9354,   8760,   6981,
 	  3740,   2839,  17141,  17052,  16908,
 	 16755,  16619,  16484,  11961,  12305,
 	 13024,  13072,  12316,  11273,  11789,
 	 10909,   9559,   7483,   5241,   3923,
 	  3637,   2947,   2837,   3580,   3513,
 	  2863,   8973,   9750,  10952,  12252,
 	 12937,  13066,   5513,   3765,   3003,
 	  9433,  11342,  10927,  13568,  11946,
 	  8691,   5306,   3574,   2808,   3870,
 	  3659,   2807,   2642,   2613,   2647,
 	 14060,  12183,  10460,  10173,  10058,
 	  9977,   5995,   5980,   5917,   5792,
 	  5641,   5535,  10637,  12731,  13046,
 	 11938,  11342,  10981,   2718,   2732,
 	  2962,   7778,   6840,   3096,   9417,
 	 15627,  17001,  17096,  16782,  16410,
 	  3263,   2894,  14213,  14863,  13929,
 	 13430,  14888,  13816,  12479,  11037,
 	  9346,   7600,   5367,   4805,   4493,
 	  4625,   4218,   3034,  14070,  14833,
 	 15304,  15472,  15436,  15330,   7292,
 	  5271,   9318,   9771,   9506,   9704,
 	 15907,  15641,  15045,  13773,  10903,
 	  5980,   2975,   3120,   6332,   6080,
 	  3338,   3068,  12873,  15822,  16752,
 	 16652,  15900,  14907,   5950,   4283,
 	 10204,  11648,  11175,  10556,  17071,
 	 16610,  15321,  12794,   7005,   4711,
 	  4754,   4867,   3022,   2668,   2692,
 	  2713,  16688,  16529,  16082,  15231,
 	 13866,  12225,   8221,   9807,   9993,
 	  8288,   7145,   6279,  17908,  17792,
 	 17374,  16507,  14846,  12365,   7610,
 	  6603,  10547,  10437,   7052,   5717,
 	 17505,  17998,  18199,  18164,  17951,
 	 17631,   6609,  11562,  14084,  14912,
 	 15026,  15135,  17777,  17561,  16920,
 	 15478,  13024,  10327,  11454,  10649,
 	  8240,   5138,   3663,   3046,  17806,
 	 17663,  17389,  17074,  16814,  16566,
 	 13487,  11713,  11486,  12390,  12395,
 	 11758,  12922,  11568,  10319,   9415,
 	  9714,  12677,   2904,   2778,   2847,
 	  3175,   5142,   9461,  11312,  10292,
 	  9684,  15007,  16401,  16614,   8338,
 	  4202,   3237,  12268,  13097,  12535,
 	 13441,  12267,  10566,   8623,   7886,
 	  7658,   4706,   4410,   3946,   3912,
 	  3864,   3767,  13536,  12476,  11146,
 	 11144,  13865,  15809,   7404,   7116,
 	  7067,   7437,   8285,   9310,  13017,
 	 12858,  12526,  12086,  14733,  16587,
 	  8144,   5956,   4437,   3791,  12085,
 	 13013,  13361,  13432,  16106,  17629,
 	 18127,  18244,   6142,   6956,   8237,
 	 12224,  14723,  15918,  13981,  12485,
 	 10846,  10795,  11898,  12655,   6731,
 	  6462,   6190,   5874,   5627,   5398,
 	 15331,  15095,  15200,  15996,  16762,
 	 17162,   8766,   8690,   8887,   9359,
 	 10481,  11810,  15231,  14542,  13733,
 	 12556,  11386,  11042,   5960,   5803,
 	  5463,   5124,   5283,   8203,  14634,
 	 15668,  16227,  16456,  16491,  16409,
 	  5987,  10698,  11833,  11981,  11746,
 	 11322,  16388,  15449,  14143,  12563,
 	 10736,   9361,   7759,   6354,   4676,
 	  4113,   3921,   3680,  16162,  15869,
 	 15552,  15243,  14971,  14719,  10662,
 	 10775,  10501,  10115,   9684,   9332,
 	 17464,  17331,  17077,  16746,  16377,
 	 16063,  11710,  10349,   8711,   7541,
 	 10778,  11869,  17853,  17943,  18015,
 	 18097,  18165,  18174,   6722,  12642,
 	 13545,  14283,  15802,  16598,  17842,
 	 17425,  16400,  15175,  14418,  13810,
 	 13176,  11805,   9803,   8266,   7265,
 	  6467,  17400,  17387,  17320,  17222,
 	 17103,  16954,  13753,  13232,  12496,
 	 12106,  13431,  15155,  16337,  14895,
 	 12342,   6911,   4387,  12107,   5312,
 	  4044,   3259,   2907,   3103,   7463,
 	  9128,  11528,  12626,  14804,  16262,
 	 16710,   5154,   3721,   3366,   8782,
 	 13165,  16224,  15171,  13380,  10622,
 	  5814,   4342,   8734,   4350,   4022,
 	  2919,   2793,   3417,   3774,  15349,
 	 14155,  12155,   9247,  13502,  14472,
 	  8120,   6256,   4751,   3733,   8046,
 	  9591,  14489,  13604,  12660,  12457,
 	 14439,  16069,   8894,   4664,   3335,
 	  3042,  12324,  14160,  12416,  15538,
 	 17142,  17644,  17760,  17750,   7702,
 	  5484,  10189,  12814,  14861,  16424,
 	 14443,  13594,  12303,  10648,  10929,
 	 14167,   6723,   5826,   4520,   4107,
 	  4477,   4947,  16363,  16180,  16324,
 	 17018,  17696,  18018,  11493,   9664,
 	  7601,   6152,  13013,  14290,  16629,
 	 15852,  14460,  11933,   8674,  12947,
 	  8988,   6607,   4095,   2855,   3225,
 	  8091,  15112,  16077,  16746,  17118,
 	 17277,  17287,   8628,   5280,  12063,
 	 12913,  13036,  14344,  17601,  17133,
 	 15811,  13191,   9722,   8246,  10831,
 	  6608,   3320,   3008,   2974,   2895,
 	 17360,  17132,  16714,  16144,  15557,
 	 15117,  13774,  11116,   8422,   9177,
 	 10599,  10944,  18336,  18286,  18046,
 	 17577,  16889,  16199,  14416,  12694,
 	  9313,   4478,  11086,  11902,  18297,
 	 18402,  18451,  18482,  18476,  18399,
 	  8523,  12439,  14532,  16295,  17116,
 	 17347,  18270,  18229,  17835,  16735,
 	 15136,  14059,  14991,  13766,  11235,
 	  6456,   4335,   4410,  18123,  18095,
 	 17989,  17875,  17786,  17693,  15684,
 	 14578,  13511,  12962,  13766,  15823,
 	 13091,  12712,  12243,  11604,  10856,
 	  9944,   3138,   3528,   4160,   4478,
 	  4898,   5263,  11558,  12048,  13778,
 	 15475,  16288,  16593,   7322,   5951,
 	  4736,  12404,  12773,  11766,  13954,
 	 12935,  11687,   9937,   8398,   8063,
 	  4576,   4619,   4557,   4342,   4071,
 	  3645,  13572,  13296,  13198,  13362,
 	 13493,  13503,   8446,   8460,   8472,
 	  8495,   8584,   8643,  13029,  13201,
 	 13669,  14496,  15311,  15938,   3617,
 	  8019,   8683,   7487,  10792,  14085,
 	 13397,  14580,  16432,  17311,  17613,
 	 17653,   6890,   7120,  12810,  15458,
 	 16331,  16637,  15484,  14742,  13834,
 	 13045,  12373,  11785,   8549,   8569,
 	  8553,   7765,   5759,   4103,  16049,
 	 16044,  16032,  16026,  16017,  15996,
 	 10745,  11116,  11469,  11734,  11827,
 	 11887,  17046,  16658,  15813,  14459,
 	 12530,  10192,   4459,   5570,   7418,
 	  7177,   5601,   4813,  16807,  16851,
 	 16802,  16644,  16273,  15605,   5666,
 	 12559,  12964,  12548,  12407,  11830,
 	 17213,  16864,  16073,  14593,  11757,
 	  8813,   8415,   7696,   6818,   5929,
 	  4496,   3508,  16299,  16165,  16003,
 	 15833,  15666,  15499,  12149,  11899,
 	 11793,  11640,  11096,  10300,  17684,
 	 17715,  17617,  17338,  16710,  15654,
 	  5239,  11789,  12529,  11423,  10223,
 	  8440,  17676,  17718,  17746,  17800,
 	 17855,  17855,   7639,  14283,  15605,
 	 15958,  16046,  15909,  17391,  17354,
 	 17186,  16731,  15827,  14595,  14221,
 	 13176,  11858,   9747,   7482,   5885,
 	 16961,  17020,  17030,  17007,  16953,
 	 16860,  14343,  14064,  13755,  13501,
 	 13238,  12913,  12927,  13008,  12410,
 	 11104,   9497,   7995,   2865,   2833,
 	  2914,   5698,   5509,   3049,  10070,
 	 13221,  15314,  15998,  16209,  16262,
 	  5563,   4382,   3664,  13239,  13778,
 	 13128,  14410,  13138,  10750,   8236,
 	  6565,   5604,   4683,   3938,   3120,
 	  3545,   3606,   2947,  13738,  13554,
 	 13330,  13103,  12889,  12725,   8426,
 	  6622,   5522,  10424,  10503,   9572,
 	 12082,  13915,  14648,  14456,  14001,
 	 13555,   3578,   4008,   7767,   9262,
 	 10085,  10806,  11628,  16427,  17860,
 	 18240,  18294,  18229,   4951,   5897,
 	 14606,  16601,  17309,  17484,  14608,
 	 14414,  13993,  13351,  12295,  10809,
 	  5554,   4638,   6975,   6706,   3969,
 	  3412,  15417,  15917,  16310,  16581,
 	 16720,  16781,  10477,   6951,  11375,
 	 12100,  13080,  14656,  17085,  17083,
 	 16615,  15391,  13010,   7660,   3132,
 	  3363,   8443,   7512,   3419,   3041,
 	 15559,  16903,  17288,  17261,  17147,
 	 17018,   6619,   6032,  12560,  12952,
 	 12375,  12211,  17151,  16723,  15651,
 	 13800,  10347,   5387,   8307,   7511,
 	  6106,   4136,   2955,   2774,  16721,
 	 16830,  16777,  16459,  15676,  14419,
 	 12897,  12268,  11785,  11481,  10495,
 	  8688,  18743,  18815,  18757,  18443,
 	 17752,  16530,   9215,  12306,  12058,
 	  9464,   7741,   6576,  18192,  18260,
 	 18254,  18222,  18160,  18042,   9071,
 	 14172,  16105,  16727,  16862,  16743,
 	 17593,  17590,  17454,  17033,  15809,
 	 13448,  14812,  13755,  12014,   8074,
 	  4221,   3145,  17505,  17556,  17582,
 	 17595,  17591,  17550,  14556,  14005,
 	 13603,  13688,  14097,  14664