 5044,   7809,  11181,  13112,  15882, 
	 18163,  20957,  23066,  25862,  27173, 
	  3218,   5012,   8230,  11493,  16564, 
	 18850,  21014,  23216,  25971,  27590, 
	  4677,   8096,  13230,  16012,  18870, 
	 21004,  23442,  24826,  26947,  28168, 
	  3261,   5830,   9987,  13123,  16335, 
	 20034,  23466,  25634,  28201,  29327, 
	  4404,   6682,  10186,  12496,  16125, 
	 18743,  22005,  24006,  26584,  27893, 
	  3431,   4759,   7746,  10401,  14080, 
	 17713,  22048,  24383,  27143,  28651, 
	  3926,   6593,  11236,  14813,  17700, 
	 21103,  23852,  25652,  27995,  29065, 
	  1885,   5383,  10880,  14406,  19032, 
	 21178,  24365,  26829,  28498,  29425, 
	  3189,   4071,   6143,  10615,  16272, 
	 18257,  20049,  21886,  24445,  25945, 
	  2519,   3192,   5005,   9255,  16282, 
	 20009,  21755,  23196,  25732,  26945, 
	  3690,   5244,  10549,  13789,  17492, 
	 19554,  21586,  23234,  25605,  27042, 
	  2367,   2997,   5875,  13451,  17792, 
	 19183,  21379,  23372,  26141,  27498, 
	  2843,   3537,   5616,  11137,  17147, 
	 19518,  20908,  22550,  24596,  26018, 
	  2054,   2815,   4417,  12057,  15961, 
	 17525,  21394,  23276,  27178,  28490, 
	  1519,   3154,  10499,  14514,  17508, 
	 20204,  22548,  24163,  27032,  28418, 
	  1268,   2755,   8815,  12658,  16812, 
	 20135,  23614,  25743,  28093,  29202, 
	  2703,   4024,   5236,   7432,  13470, 
	 17583,  19541,  21785,  24958,  26749, 
	  1843,   2671,   5001,   7402,  13156, 
	 18516,  20432,  22417,  25063,  27193, 
	  3770,   5484,   9050,  11515,  15776, 
	 17803,  20705,  23271,  26130,  28252, 
	  2314,   3430,   7076,  10329,  14851, 
	 18520,  21725,  23704,  26331,  27962, 
	  1935,   3855,   6574,  10169,  13477, 
	 16513,  19846,  22803,  26126,  28677, 
	  2208,   2847,   4816,   7430,  13031, 
	 18889,  22202,  23503,  26782,  28116, 
	  3518,   5577,   8871,  12023,  15279, 
	 17628,  22272,  24421,  27395,  28885, 
	  1857,   4396,   8697,  12730,  15014, 
	 18540,  22360,  24994,  28154,  29280, 
	  2065,   3078,   4174,   7137,  15619, 
	 18980,  20579,  22556,  24923,  26892, 
	  1731,   2556,   3698,   6212,  14099, 
	 19262,  21745,  23284,  25901,  27553, 
	  2365,   3279,   4972,   8413,  15834, 
	 17685,  19681,  22589,  24891,  27213, 
	  1646,   2468,   3467,   7456,  17341, 
	 18862,  20899,  23252,  26080,  28032, 
	  1950,   2781,   5660,   9983,  13579, 
	 16797,  20037,  22809,  25896,  28524, 
	  1395,   2221,   4345,  10174,  14339, 
	 16467,  21245,  23847,  27436,  28944, 
	  1129,   2497,   7792,  10797,  14267, 
	 17009,  20628,  23393,  26464,  28828, 
	  1090,   2139,   7477,  11986,  14685, 
	 18039,  22184,  24665,  27615,  28940, 
	  5419,   7700,  10002,  12056,  14446, 
	 16806,  20061,  22285,  25237,  26890, 
	  4501,   6377,   8398,   9976,  13274, 
	 17493,  20815,  22818,  26403,  28176, 
	  4858,   9379,  13363,  15290,  17443, 
	 19137,  21373,  23113,  26026,  27436, 
	  4552,   6609,  11791,  13785,  15606, 
	 18110,  22531,  24533,  26958,  28101, 
	  3835,   6096,   9142,  11018,  13408, 
	 15894,  20851,  23337,  25677,  27677, 
	  2426,   5108,   7226,   8612,  11938, 
	 18121,  21167,  22750,  26588,  28347, 
	  4539,   7165,  11277,  13872,  17700, 
	 19999,  22931,  24703,  26758,  27911, 
	  3439,   5751,  10055,  12866,  15491, 
	 19007,  22342,  25232,  28062,  29226, 
	  3510,   5014,   8547,  10576,  13869, 
	 16395,  19498,  22185,  25617,  27710, 
	  2000,   4255,   6849,   8950,  12732, 
	 16199,  19004,  22022,  26031,  28395, 
	  3850,   6131,  12506,  14556,  16551, 
	 18157,  20608,  22428,  25535,  27070, 
	  3565,   5559,   8946,  11616,  14565, 
	 17428,  20379,  23218,  26179,  29306, 
	  2879,   3634,   7272,  11122,  12633, 
	 16799,  20257,  22155,  26037,  27557, 
	  1456,   3254,   5478,   9546,  13177, 
	 16323,  19672,  22732,  26112,  28705, 
	  3745,   5521,  12511,  14849,  16929, 
	 19136,  21974,  23884,  26653,  27986, 
	  1652,   5069,   9122,  11782,  14723, 
	 17545,  20806,  23686,  26883,  28662, 
	  4031,   4972,   7055,   8959,  10936, 
	 15873,  19240,  21051,  25365,  26797, 
	  2759,   3430,   6045,   8575,  10763, 
	 16130,  21153,  23490,  25771,  27361, 
	  3941,   6684,   9813,  12319,  15147, 
	 17604,  20600,  23210,  26045,  28492, 
	  1915,   4385,   7546,  10597,  13914, 
	 16924,  20160,  23090,  26204,  28886, 
	  1937,   3755,   7500,   8930,  10911, 
	 12762,  18337,  22985,  25859,  28071, 
	  3140,   3896,   5401,   6786,   9745, 
	 14790,  20851,  23446,  26058,  27783, 
	  3288,   5912,   9014,  11971,  14937, 
	 17871,  20828,  23763,  26770,  29669, 
	  1312,   3555,   7869,  10853,  14193, 
	 17036,  20254,  23133,  26407,  28836, 
	  3339,   4121,   6259,   7781,  10930, 
	 17020,  19514,  21941,  25353,  26776, 
	  2489,   3692,   4862,   7477,   8876, 
	 15616,  19388,  21651,  25733,  27373, 
	  2201,   4569,   7558,  10491,  14222, 
	 16164,  19008,  22073,  25571,  27872, 
	  1424,   3104,   6823,   9362,  13176, 
	 16454,  19520,  22482,  26096,  28676, 
	  2384,   4095,   5148,   8970,  13383, 
	 14467,  18911,  20960,  25459,  27814, 
	  1680,   2768,   3848,   7134,  12786, 
	 14358,  20516,  22614,  26005,  28476, 
	  2024,   3041,   7612,  10941,  14929, 
	 17174,  19906,  22814,  25888,  28294, 
	  1124,   2328,   6549,  10074,  13758, 
	 16639,  19926,  22961,  26201,  28793, 
	  4009,   6248,   9233,  11286,  14911, 
	 17180,  20077,  22490,  25962,  27792, 
	  2522,   4087,   6712,   8990,  14882, 
	 17118,  19253,  21873,  25147,  27155, 
	  4428,   7535,  13757,  15652,  18483, 
	 20433,  22181,  23953,  26258,  27735, 
	  4249,   6072,  10308,  12830,  15952, 
	 18637,  20790,  22782,  25580,  27173, 
	  4189,   6297,   9081,  12049,  14736, 
	 16996,  21027,  23786,  26990,  28760, 
	  1295,   3163,   6983,  10321,  13867, 
	 16824,  20063,  23123,  26293,  28790, 
	  3760,   5966,  10743,  15184,  17616, 
	 19522,  23076,  24793,  28009,  29185, 
	  2848,   4611,   8858,  12542,  17184, 
	 19418,  22405,  24407,  26651,  28341, 
	  2398,   3548,   5166,   8372,  14226, 
	 16112,  18416,  20866,  23311,  26570, 
	  1969,   3230,   4189,   7735,  15336, 
	 17060,  19180,  21171,  24019,  27316, 
	  2634,   3377,   6413,  12814,  16667, 
	 17993,  20396,  22205,  24783,  26503, 
	  1763,   2553,   3713,   9409,  16622, 
	 17684,  20110,  21948,  25665,  27876, 
	  2784,   3761,   5367,  10308,  14937, 
	 16161,  19276,  22433,  24534,  26314, 
	  1645,   2492,   3791,   9360,  15191, 
	 16502,  18924,  20737,  26043,  28174, 
	  2270,   3644,   8734,  13342,  16207, 
	 18182,  21218,  23352,  26201,  27813, 
	  1337,   2151,   6144,  11092,  16373, 
	 18661,  21081,  23434,  26197,  28236, 
	  3040,   4180,   5899,   9026,  13676, 
	 15266,  18444,  22133,  24579,  26726, 
	  2626,   3477,   4923,   6549,  11044, 
	 16277,  19114,  21912,  24989,  27426, 
	  2242,   4438,   9047,  11363,  14189, 
	 16980,  19748,  22197,  25613,  27951, 
	  1441,   3757,   7375,  10362,  13370, 
	 16373,  19749,  22582,  26004,  28572, 
	  2564,   3559,   4899,  10695,  12807, 
	 14762,  20622,  21919,  26896,  28923, 
	  1783,   2723,   4232,   8148,  10287, 
	 15644,  20756,  23156,  26393,  28274, 
	  2915,   4304,   8080,  12158,  14239, 
	 16888,  20840,  23248,  26990,  28702, 
	   968,   1870,   7155,  10435,  13830, 
	 16776,  20104,  23016,  26299,  28911, 
	  1969,   3134,   4111,   6772,  14165, 
	 15854,  18105,  22182,  24325,  26754, 
	  1912,   2986,   3925,   5535,  12998, 
	 17961,  20031,  22299,  24708,  26796, 
	  1784,   2718,   5735,   8159,  14652, 
	 16155,  18727,  22289,  24850,  27073, 
	  1620,   2534,   3683,   7061,  15215, 
	 16975,  19814,  22136,  25559,  28253, 
	  2081,   3120,   4699,   8212,  13913, 
	 15251,  19620,  22390,  24954,  27958, 
	  1374,   2022,   3672,   7775,  12546, 
	 16318,  19258,  21508,  25562,  28992, 
	  1427,   2308,   6350,  10936,  13882, 
	 15791,  19181,  22056,  25506,  28171, 
	   891,   1481,   5550,  10104,  13543, 
	 16827,  19869,  22817,  26313,  29192, 
	  4358,   6169,   8190,   9870,  12237, 
	 13909,  18994,  21832,  23814,  25792, 
	  3851,   4797,   6838,   8375,   9541, 
	 13325,  20559,  23746,  25857,  27150, 
	  4393,   6325,  11363,  13533,  15368, 
	 17153,  19838,  22010,  25300,  27044, 
	  3822,   5389,  10545,  12528,  14358, 
	 16950,  20539,  22736,  25953,  27691, 
	  4189,   5575,   8157,   9725,  11134, 
	 14386,  20401,  22775,  25617,  27187, 
	  2878,   3975,   5491,   9294,  10365, 
	 13893,  21011,  22445,  26922,  28820, 
	  4018,   5536,   9996,  13697,  15981, 
	 17508,  21718,  23543,  25436,  27143, 
	  3694,   5224,  10144,  13785,  15186, 
	 17729,  21507,  23918,  27610,  28942, 
	  2340,   4579,   5961,   9308,  11727, 
	 13591,  18478,  20220,  25145,  27504, 
	  2245,   3442,   4619,   8460,  12454, 
	 13667,  19594,  22128,  24807,  27872, 
	  3369,   4464,   8147,  12549,  14253, 
	 16193,  18714,  21094,  25683,  27274, 
	  1993,   3353,   7434,   9880,  13366, 
	 16146,  18477,  21064,  25490,  27934, 
	  3223,   4003,   5931,  10231,  12598, 
	 14117,  19741,  22094,  24092,  26510, 
	  1732,   2797,   3975,   9529,  12248, 
	 14309,  19075,  20882,  26215,  28204, 
	  3592,   5255,   8515,  12479,  14709, 
	 16281,  19702,  22707,  25666,  28095, 
	  1100,   2566,   7513,  10501,  13729, 
	 16694,  19841,  22879,  26253,  28838, 
	  3154,   4834,   6443,   8746,  10069, 
	 12013,  18783,  21653,  24827,  27622, 
	  2873,   4003,   5146,   7145,   8301, 
	 12492,  21742,  24054,  26562,  28457, 
	  2686,   5113,   7868,  11196,  13574, 
	 15487,  18400,  21490,  25574,  27816, 
	  1709,   4427,   7809,  10082,  12136, 
	 14664,  19464,  22371,  25871,  28243, 
	  3562,   4548,   6089,   7795,   8848, 
	 12859,  19796,  22353,  25741,  27882, 
	  2092,   3313,   4377,   7416,   8694, 
	 11625,  21322,  23997,  26430,  28558, 
	  3039,   4359,   6992,  10192,  13679, 
	 15937,  19826,  22837,  26001,  28288, 
	  2151,   3973,   5635,   9796,  12615, 
	 15678,  19071,  22568,  26162,  28634, 
	  2125,   3285,   4541,   8263,   9690, 
	 13729,  18786,  20671,  25929,  27733, 
	  2435,   3458,   4634,   6064,   7930, 
	 14941,  20719,  22975,  25986,  27986, 
	  2725,   4441,   6676,  10361,  12761, 
	 14958,  17965,  20563,  25645,  27872, 
	  1522,   2413,   6035,   8395,  10459, 
	 15200,  18467,  21178,  25621,  28209, 
	  2145,   3561,   5216,   7491,  10938, 
	 12123,  17900,  22191,  24687,  27758, 
	  1893,   3046,   4112,   7653,  10328, 
	 12147,  19968,  22551,  25430,  28311, 
	  2164,   3179,   5589,  10760,  13002, 
	 14561,  19141,  21728,  24592,  27247, 
	  1386,   2039,   4313,   8676,  11474, 
	 15232,  18848,  21244,  25035,  28629, 
	  3367,   5193,   7189,   9209,  13820, 
	 15832,  17913,  21300,  24571,  26353, 
	  2063,   3863,   5818,   7517,  13552, 
	 15948,  18411,  21863,  24816,  26842, 
	  3904,   5407,   9029,  12493,  15920, 
	 17637,  19737,  21917,  25119,  26766, 
	  3119,   4754,   7679,  10806,  15434, 
	 17256,  20029,  22830,  25626,  27668, 
	  3052,   4114,   7966,  10018,  12196, 
	 16325,  19289,  21508,  24855,  26879, 
	  1417,   3532,   6046,   9214,  12340, 
	 15106,  19154,  22264,  26018,  28587, 
	  3029,   4191,  10094,  13774,  15286, 
	 17355,  20306,  22281,  25929,  27591, 
	  1105,   2375,   9042,  12716,  15359, 
	 16960,  19792,  22238,  26083,  28298, 
	  2700,   4349,   5864,   7804,  13110, 
	 15245,  17485,  20004,  22944,  26631, 
	  2110,   2946,   5076,   8096,  12011, 
	 16005,  18784,  21647,  25127,  27873, 
	  3659,   4884,   6888,  10723,  14947, 
	 16566,  19128,  21420,  23925,  25605, 
	  2706,   3544,   5711,  11685,  13470, 
	 15695,  18795,  20762,  25483,  27167, 
	  2239,   3067,   6332,   9685,  12961, 
	 17420,  19392,  20843,  22939,  27143, 
	  1117,   1702,   3591,   8802,  13075, 
	 16306,  19676,  22774,  26137,  29163, 
	  2628,   3336,   6705,  13695,  15606, 
	 17292,  19289,  21152,  25637,  27243, 
	  2233,   3135,   4542,  12190,  15041, 
	 16583,  19753,  21616,  26417,  28087, 
	  2446,   4187,   6061,   7707,  12359, 
	 13992,  16556,  21483,  23817,  26281, 
	  1792,   2568,   4294,   6650,  11032, 
	 15882,  18971,  21426,  25135,  28181, 
	  2252,   4361,   7426,   9911,  13639, 
	 15027,  17822,  21881,  25390,  27583, 
	  1622,   3277,   6801,   8369,  12858, 
	 15113,  17963,  21334,  25072,  27618, 
	  2476,   4230,   5396,   8479,  10177, 
	 14798,  18392,  20594,  25219,  27055, 
	  1923,   2961,   4150,   5904,   9011, 
	 15144,  19232,  22968,  26187,  28570, 
	  2204,   3123,   6591,   9334,  11834, 
	 16395,  18785,  21833,  25560,  28098, 
	  1084,   2083,   6449,   8914,  12170, 
	 15918,  19189,  22181,  25772,  28682, 
	  1650,   2450,   3919,   5850,  12455, 
	 15623,  17870,  20214,  24538,  28146, 
	  1494,   2109,   3850,   6166,  12107, 
	 15171,  18776,  22312,  25358,  28974, 
	  2243,   3683,   5085,   8749,  13466, 
	 14602,  17138,  18882,  22854,  27572, 
	  1825,   3104,   4139,   8024,  13604, 
	 14888,  18789,  20487,  25614,  28162, 
	  1664,   2352,   4335,   7722,  10316, 
	 15938,  18513,  20094,  23192,  28110, 
	  1271,   1857,   3072,   6122,  11894, 
	 15210,  19236,  22330,  25848,  29217, 
	  1435,   2518,   6155,  10148,  12297, 
	 13945,  17490,  20953,  25569,  28186, 
	  1425,   2138,   4933,   9615,  13059, 
	 15892,  19492,  22557,  25881,  28578, 
	  4023,   5557,   7363,   8987,  10355, 
	 13574,  19947,  21674,  24092,  26539, 
	  2913,   3586,   6158,   8241,   9974, 
	 13578,  18480,  22080,  25040,  27845, 
	  4280,   6527,   9377,  10612,  12381, 
	 14907,  18877,  21667,  25432,  27579, 
	  3322,   5300,   7639,  10095,  12810, 
	 14052,  18817,  22654,  25249,  26825, 
	  3519,   4475,   6733,   9688,  11345, 
	 13236,  19512,  21893,  24287,  26747, 
	  1841,   4089,   6071,   8352,  10154, 
	 12400,  19561,  21450,  25026,  28100, 
	  3534,   4919,   9683,  11584,  13257, 
	 15303,  19050,  21860,  25514,  27536, 
	  1378,   2957,   8668,  11229,  13013, 
	 15411,  18846,  22200,  25965,  28189, 
	  3310,   4075,   6516,   8372,  10063, 
	 14191,  16733,  19850,  25387,  27716, 
	  1715,   2476,   5632,   7328,   9792, 
	 13040,  17471,  21068,  24932,  28170, 
	  3448,   4204,   7092,  10591,  11902, 
	 13551,  14979,  20751,  25271,  26718, 
	  3220,   4120,   5767,   9989,  11104, 
	 13985,  15739,  19518,  25613,  27205, 
	  2471,   3363,   5415,   9528,  10998, 
	 15325,  18243,  20851,  24152,  26901, 
	  1540,   2377,   4602,   8780,  10942, 
	 13080,  17985,  21568,  25343,  28049, 
	  2937,   3714,   7396,  11902,  13236, 
	 14846,  16647,  20832,  24993,  26627, 
	  2288,   3262,   4671,  10859,  12824, 
	 14314,  15876,  21332,  26607,  27954, 
	  2942,   4578,   6121,   8206,   9549, 
	 11177,  18470,  23476,  25641,  27594, 
	  2570,   3938,   5240,   7899,   9088, 
	 11164,  19973,  23255,  25801,  28287, 
	  2835,   5177,   7277,   8515,  11492, 
	 13155,  15775,  21792,  24684,  26576, 
	  3339,   5276,   7317,   8500,  10076, 
	 11753,  17296,  23368,  26131,  27616, 
	  2330,   4081,   5942,   7408,   9046, 
	 10611,  17760,  23492,  26266,  28017, 
	  2130,   3031,   6091,   7181,   8913, 
	 11447,  18032,  22988,  26629,  28225, 
	  2707,   4174,   5523,   8452,  11411, 
	 12849,  17767,  22978,  25114,  27085, 
	  1951,   3570,   6555,   8285,  11477, 
	 12885,  15851,  21241,  25585,  27419, 
	  2660,   3615,   5221,   6693,   8395, 
	 14316,  17995,  20389,  25758,  28133, 
	  2240,   3399,   4504,   6965,   7751, 
	 12910,  18795,  21255,  25962,  27971, 
	  3412,   4713,   6256,   9131,  10194, 
	 13065,  15372,  17706,  24898,  27722, 
	  1903,   3341,   6423,   8254,   9973, 
	 11355,  17228,  20775,  26362,  28246, 
	  1790,   2602,   3932,   7901,   9683, 
	 13536,  17802,  20036,  24893,  27975, 
	  1496,   2243,   4285,   6942,   9285, 
	 14394,  18345,  21803,  25480,  28698, 
	  2339,   3541,   4800,  10001,  11550, 
	 13489,  15049,  19465,  25126,  27344, 
	  2347,   3426,   5007,   8965,  10621, 
	 12673,  14775,  21478,  25412,  28113, 
	  3387,   5028,   6557,   9364,  12327, 
	 13869,  17355,  19176,  23011,  26945, 
	  1915,   3851,   5486,   8150,  12029, 
	 13471,  18030,  19782,  24134,  27630, 
	  4333,   6534,  10249,  12256,  14004, 
	 16045,  18839,  21047,  25010,  27055, 
	  3689,   4557,   6838,  11578,  13393, 
	 15356,  19756,  21522,  24842,  26719, 
	  4122,   5222,   7367,  10723,  12455, 
	 14580,  18692,  20369,  23958,  26230, 
	  2528,   3626,   4918,   9302,  11152, 
	 12860,  19180,  21117,  25089,  27804, 
	  4422,   6103,   8234,  11081,  13977, 
	 15433,  19155,  21774,  24055,  25935, 
	  3053,   3768,   6872,  12610,  14491, 
	 15978,  19969,  21818,  24513,  26441, 
	  2709,   4421,   6029,   8753,  12203, 
	 13580,  15873,  17618,  22058,  27476, 
	  2304,   3597,   4809,   7286,  12686, 
	 14474,  16672,  21745,  24697,  26716, 
	  3404,   4203,   6786,  11304,  13553, 
	 14755,  16671,  18602,  23298,  26778, 
	  1837,   2786,   4278,  10693,  13540, 
	 15233,  17853,  19681,  25663,  27739, 
	  2196,   3318,   4744,  10316,  12111, 
	 14242,  17010,  19263,  23017,  25211, 
	  1447,   2117,   3661,   7157,  11208, 
	 13955,  18933,  21449,  24715,  28382, 
	  3208,   4025,   6726,  11389,  14740, 
	 16291,  18358,  19881,  22467,  25676, 
	  2252,   3251,   4619,   9918,  14524, 
	 15623,  18777,  20296,  24814,  27905, 
	  2345,   4646,   6994,   8332,  11662, 
	 13135,  17224,  20476,  22635,  26430, 
	  2092,   3379,   4257,   7314,  11716, 
	 13004,  17185,  21666,  24448,  27311, 
	  2570,   5579,   8014,   9442,  12224, 
	 14801,  17097,  20401,  25295,  27423, 
	  2194,   4424,   6876,   8638,  12797, 
	 14208,  17603,  21680,  24458,  27012, 
	  2631,   3858,   5204,   8425,  10088, 
	 11984,  17996,  19655,  24410,  27473, 
	  1852,   2889,   4226,   6288,   8399, 
	 13421,  18507,  21392,  25550,  28509, 
	  2861,   3971,   7392,   9361,  11339, 
	 14965,  18240,  20757,  24775,  27378, 
	  2055,   3005,   6335,   8594,  12481, 
	 13826,  17614,  22685,  25129,  27395, 
	  2325,   3548,   5171,   9481,  10561, 
	 13866,  16229,  19242,  22352,  26308, 
	  2014,   3045,   4207,   5690,  12093, 
	 14145,  17554,  22183,  24548,  27272, 
	  2525,   3757,   4933,  10142,  12604, 
	 13839,  15598,  17442,  25179,  27986, 
	  1755,   2647,   4697,   7626,  12398, 
	 14267,  16847,  18951,  24705,  27869, 
	  1988,   2878,   5080,   8434,  10330, 
	 13603,  17634,  20486,  23574,  27507, 
	  1627,   2301,   3785,   5278,   9550, 
	 14191,  17941,  21539,  25129,  28488, 
	  1478,   2373,   6605,   9381,  13064, 
	 14810,  16884,  19235,  24862,  27845, 
	  1671,   2357,   4388,   7822,  12882, 
	 14775,  17917,  21860,  24656,  27456, 
	  3134,   4991,   6278,   8900,  10686, 
	 12370,  17788,  19625,  22628,  26842, 
	  2877,   4070,   5518,   7089,   8182, 
	 11868,  19606,  21195,  25687,  28217, 
	  3927,   5614,   8070,   9656,  11316, 
	 13424,  16957,  19156,  24109,  27152, 
	  3630,   5399,   7803,   9398,  10919, 
	 12735,  17789,  22511,  25591,  27133, 
	  2987,   4615,   5762,   8168,   9182, 
	 11708,  18109,  19806,  24648,  27706, 
	  2000,   3341,   4675,   7422,   9176, 
	 10848,  18444,  22667,  25310,  27911, 
	  4375,   5697,   8672,  11108,  12792, 
	 14791,  16898,  19580,  24676,  26649, 
	  3117,   4051,   8429,  10466,  12373, 
	 14204,  17095,  21550,  25127,  27464, 
	  2326,   3474,   5355,   8213,   9460, 
	 12126,  13570,  19165,  23237,  27543, 
	  2026,   3315,   4208,   6690,   9905, 
	 11119,  16477,  21019,  25019,  28029, 
	  2871,   4009,   5608,   9732,  11488, 
	 12855,  14665,  16715,  24693,  28090, 
	  2180,   3671,   4842,   8300,  11574, 
	 13150,  16366,  18407,  25635,  27631, 
	  2746,   4173,   5693,   8635,  10272, 
	 12127,  15698,  18249,  24135,  26910, 
	  1719,   2568,   3715,   6342,  10861, 
	 12945,  17670,  20018,  24410,  27910, 
	  3527,   4305,   7338,  10974,  12590, 
	 13885,  15360,  17595,  23953,  27587, 
	  2565,   3396,   6422,   9569,  12400, 
	 14011,  17385,  19295,  24732,  27475, 
	  2662,   4028,   5230,   7627,   9713, 
	 10984,  15937,  22181,  25007,  27269, 
	  2305,   3550,   4730,   6429,   7577, 
	 10600,  19933,  22957,  26030,  28535, 
	  3761,   4589,   7398,   9959,  11563, 
	 13150,  14592,  17708,  24324,  27952, 
	  2656,   4477,   6825,   7897,   9881, 
	 11314,  15440,  22337,  25770,  27683, 
	  2620,   3833,   5125,   7030,   8385, 
	 10294,  17041,  21835,  26315,  28437, 
	  2154,   3283,   4203,   6326,   8482, 
	  9491,  16363,  21655,  25764,  28134, 
	  3073,   3764,   7420,   9343,  11006, 
	 12822,  14860,  21195,  25106,  27430, 
	  2127,   3158,   5662,   7926,   9808, 
	 11341,  14344,  20982,  25640,  27840, 
	  2879,   3971,   5580,   7544,   8534, 
	 12912,  16033,  18235,  24679,  27506, 
	  1965,   3017,   4010,   5696,   7289, 
	 11591,  18483,  22739,  25707,  28164, 
	  2654,   3618,   5229,   8946,  10330, 
	 11639,  13224,  14864,  25881,  27755, 
	  2162,   3191,   4225,   8136,  10166, 
	 12040,  16192,  18384,  24813,  27704, 
	  1979,   3730,   5128,   7667,   8783, 
	 11817,  17278,  19515,  24891,  27764, 
	  1703,   2698,   4023,   6981,   8618, 
	 11461,  18987,  21723,  25202,  28445, 
	  2029,   3366,   5455,   8183,  10930, 
	 12783,  14948,  16674,  23186,  27569, 
	  1924,   2874,   4575,   7625,   9876, 
	 13640,  15879,  19188,  24416,  27812, 
	  -353,   -536,    283,    719,    582, 
	    58,   -589,    256,   -112,      0, 
	  -276,   -331,    489,     99,    658, 
	   657,    683,    557,    125,    114, 
	  -147,    614,    927,    270,     29, 
	  -136,     86,    361,    467,    192, 
	   462,    393,    438,    894,    655, 
	   291,    142,    365,     73,    -86, 
	  -557,   -683,     57,   -390,      6, 
	   -35,   -234,   -159,   -264,    -77, 
	   158,     64,    539,   -494,    324, 
	   360,   -538,    335,     87,    -96, 
	   378,    804,     99,   -177,    237, 
	   -65,   -158,   -271,   -280,   -300, 
	   238,    215,   -116,    378,   -448, 
	   389,   -271,    679,   -172,   -181, 
	   169,     22,    212,    812,    238, 
	  -160,   -890,   -482,  -1018,   -731, 
	   -67,   -160,    -99,   1439,    787, 
	   508,    205,   -496,   -212,   -236, 
	  -264,   -263,   1090,     35,   -196, 
	  -594,   -615,   -406,   -389,   -141, 
	   -88,   -212,   1163,    555,     45, 
	   613,      0,   -144,     71,    -77, 
	   -82,    396,    325,   -140,    382, 
	   -84,   -720,   -969,   -458,   -344, 
	   -14,     14,   -469,    116,    857, 
	   338,   -800,   -147,     96,     21, 
	   308,    259,    522,    524,   -135, 
	  -181,   -607,   -889,    360,     22, 
	   -57,     90,   -120,    -37,     -8, 
	    -8,     13,     18,     23,    142, 
	   -49,   -198,   -958,    236,   -143, 
	  -241,   -378,   -170,   -135,   -119, 
	  -324,   -509,   -396,    392,    134, 
	  -198,    477,    344,    802,    549, 
	   504,    458,    408,    -74,   -739, 
	  -374,    111,     40,    -14,    -82, 
	    78,     13,    329,    261,    -57, 
	  -771,    791,   1468,    301,     63, 
	   -28,   -143,   -266,   -166,    322, 
	  -599,  -1447,    421,   -628,   -490, 
	   -36,   -165,    296,    696,    355, 
	    22,   -743,    697,   1307,    627, 
	   280,    435,     12,     95,   -249, 
	  -645,  -1191,     -5,    146,    -28, 
	  -156,   -267,   -246,   -258,   -490, 
	  -828,   -839,    743,    421,    151, 
	  -138,     26,   -240,    628,    569, 
	  -872,    126,   -340,    -74,     68, 
	    27,    -41,    169,   1251,   -133, 
	  -375,    207,    317,     11,   -101, 
	   252,    225,     66,    112,   -412, 
	  -986,    187,   -274,  -1225,   -620, 
	  -350,   -207,    568,     13,   -579, 
	  -507,   1159,    585,      0,     56, 
	  -246,   -368,   -158,    216,    116, 
	  -232,   -800,  -1341,    329,    269, 
	    69,    148,   -570,    726,    118, 
	  -112,     92,   -773,   1103,    474, 
	   138,     18,    247,   -611,   -564, 
	  -663,   -906,   -672,   -602,   -397, 
	  -139,   -273,    168,    311,   -926, 
	  -444,   -239,   -350,    136,    108, 
	  -145,   -591,   -120,    361,   -136, 
	  -335,    675,    285,   -874,   -550, 
	   -35,    -30,   -395,    666,    679, 
	   432,    969,    916,    440,    121, 
	   213,   -247,    432,     21,    222, 
	  -225,    197,     45,    -60,    -56, 
	   299,     93,    605,    120,   -286, 
	  1069,    920,    467,    446,    111, 
	  -220,   -249,   -611,   -824,    630, 
	   200,    433,     52,     -3,     98, 
	    67,    -48,    -79,   -772,    713, 
	   333,    228,   1173,    756,    311, 
	   -48,     82,     -5,     64,   -406, 
	   273,    592,   -730,    -60,     63, 
	   -20,   -149,    416,   -377,  -1051, 
	    51,     74,    621,    615,    357, 
	   -40,    -60,   -212,     84,   -150, 
	   -77,   -542,  -1018,  -2087,   -610, 
	    95,      1,    -38,    356,    909, 
	   384,    320,    179,  -1023,   -763, 
	   445,    500,    776,    234,    122, 
	   348,    304,   -373,  -1155,   -752, 
	     6,    -58,    -65,   -512,   -303, 
	  1477,   1029,    253,   -718,   -662, 
	   -92,   -222,    116,   -380,    960, 
	   738,   -192,   -653,   -218,   -141, 
	   125,    379,     92,   -137,   1193, 
	   671,    317,      2,    376,     35, 
	   260,     93,    -55,    373,     37, 
	  1173,   -339,  -1018,   -114,   -359, 
	   -98,   -145,   -115,     94,   -430, 
	  1225,    161,     54,   1356,    682, 
	   420,     51,   -650,    411,    -98, 
	    81,    436,   -297,   -309,   -235, 
	   263,    448,     48,    359,     88, 
	   -41,   1214,    446,    795,    460, 
	   -42,    387,    146,   -808,      8, 
	  -544,    545,    301,   -170,     -6, 
	  -134,   -101,   -392,   -504,   -232, 
	  -308,   1454,    960,    483,    429, 
	   241,    277,   -535,   -437,    399, 
	  -321,    -13,    468,   -335,   -240, 
	   155,    297,    -41,   -190,   -451, 
	  -811,    108,    687,   1627,    864, 
	    14,     51,   -367,   -631,   -539, 
	  -928,     60,   -519,   -110,    -61, 
	   122,     13,   -410,     18,   -919, 
	  -861,    603,    583,    211,     23, 
	   -22,     49,   -213,   -931,    105, 
	   569,   -166,   -578,  -1153,   -814, 
	  -157,   -330,   -586,    222,    -15, 
	   798,    142,    128,   -181,     -6, 
	    86,    -17,    342,   -530,  -1297, 
	   493,     95,   -496,   -676,   -590, 
	   339,    428,   -136,   -802,   -517, 
	   785,    379,     91,    247,      0, 
	  -148,     19,   -343,  -1207,    164, 
	   -62,   -477,   -555,    418,    274, 
	 -1106,    496,     92,   -149,     16, 
	     4,   -194,     40,    431,    430, 
	   199,     36,   -283,   -338,   -797, 
	   330,   -846,   -742,    322,     52, 
	  -137,   -333,   -295,   -668,   -751, 
	   282,   -119,    117,      6,    -10, 
	   354,    155,    423,    -67,    297, 
	   135,    -89,    -31,    126,    -50, 
	   -97,   -223,    821,    177,    -48, 
	  -155,    319,     35,   -386,   -320, 
	  -373,   1021,    291,     66,     -7, 
	    23,    -22,     41,      2,     44, 
	   -72,    -69,     63,     31,    211, 
	   426,    199,   -671,   -945,   -279, 
	    -8,   -138,    448,    633,    276, 
	    97,     37,   -179,    345,    126, 
	   118,    253,     59,    538,    -47, 
	   446,    -43,   -102,   -226,   -181, 
	    -8,    210,    139,    249,    164, 
	  -611,    475,    -86,    -26,    140, 
	    -7,    -19,   -205,    409,   -450, 
	  -162,   -180,   -210,   -835,   -268, 
	   -33,     10,    107,    145,     60, 
	  -260,   -676,   -759,    110,     83, 
	    40,     79,    219,   -172,   -722, 
	  -331,   -106,      0,     59,     33, 
	    78,    303,   -110,   -404,    -71, 
	   -77,   -257,   -440,   -223,   -164, 
	   -39,    -84,     47,   -310,    -31, 
	  -559,   -161,     82,   -926,   -471, 
	  -155,    217,     75,   -113,     33, 
	   432,     73,   -514,   1126,    552, 
	    -9,    -96,    -92,     73,   -700, 
	   644,    275,    -78,    449,    163, 
	    51,   -184,     60,   -184,   -165, 
	  -358,    517,   -373,    670,    414, 
	  -208,   -390,   -194,    -45,   -158, 
	   -96,    -67,    -10,    -23,      3, 
	  -137,     80,    351,   -484,    106, 
	   341,    269,    323,    203,    103, 
	    -4,   -174,    241,    -22,   -206, 
	   338,   -763,    155,   -211,   -176, 
	  -559,    146,   -180,    110,     18, 
	    79,     60,     36,   -274,   -158, 
	     9,    125,    -74,     68,    712, 
	   235,   -271,    220,   -430,   -249, 
	   -64,   -128,   -110,    281,    227, 
	   345,    488,    616,    290,    119, 
	   115,    -33,     56,    492,    -93, 
	  -405,   -247,    742,    -55,   -163, 
	   183,    156,     65,   -126,   -160, 
	   -53,    743,    476,   -407,   -325, 
	    35,    -61,   -527,    382,    439, 
	  -133,     87,   -300,   -172,   -100, 
	  -252,     68,    143,     41,    -91, 
	  -392,   -404,    561,    670,    339, 
	    31,    -32,   -343,   -329,   -193, 
	   183,   -413,    834,    221,    -29, 
	   -90,    172,   -499,     -1,   -226, 
	  -305,    180,    119,    213,    106, 
	    62,    -39,   -355,   -681,    -65, 
	   179,    318,   -102,   -345,   -252, 
	   345,     85,   -247,    213,    -40, 
	   202,    -83,    -94,    886,    451, 
	   329,   -360,    -21,     -8,    -92, 
	   -63,    -37,    -23,    -95,    -67, 
	    91,     -1,     22,   -510,    574, 
	  -302,     15,    263,    395,    268, 
	   -51,   -197,   -215,   -305,    406, 
	   399,   -336,   -282,    277,      4, 
	    16,    -49,     38,    215,      5, 
	   260,    -42,     97,   -860,   -316, 
	   186,    -24,    -67,    180,    -68, 
	    42,   -274,   -511,   -128,   -206, 
	   118,     40,    129,    288,    349, 
	  -197,    231,     38,   -299,   -149, 
	  -116,   -414,    211,    124,      0, 
	   128,    -16,    -92,    -53,   -109, 
	   -60,    347,    230,     20,    139, 
	   105,     74,     54,     47,    -22, 
	   555,    343,    -63,    -60,     59, 
	   -51,     83,    100,    -62,    -45, 
	  -114,    -95,     -8,   -115,    279, 
	   -44,    631,     37,    131,    203, 
	   125,    156,     15,    171,   -276, 
	    89,    421,   -185,    156,     -5, 
	   -70,    168,    -11,   -227,   -245, 
	   444,    -98,   -113,   -316,   -167, 
	     1,     31,   -211,   -124,     69, 
	  -208,    284,   -388,   -618,   -132, 
	   142,    -49,    -26,   -167,    264, 
	   563,    250,     -6,    -36,   -126, 
	    -3,   -127,    127,   -537,   -197, 
	  -105,    123,     -5,   -139,   -187, 
	  -651,    134,    122,    -10,     14, 
	     5,    -29,    122,    120,    132, 
	   -64,     -1,    161,   -236,    451, 
	    67,   -237,   -286,   -209,    -33, 
	  -103,    -30,   -135,    286,    267, 
	   406,     95,   -237,    320,    103, 
	    93,      9,    339,    -74,   -211, 
	   179,   -126,   -190,    484,    219, 
	   128,     92,     95,   -160,    -51, 
	  -171,   -593,     88,   -340,   -297, 
	  -202,     33,    246,     37,   -247, 
	  -184,     62,   -367,   -297,   -172, 
	  -163,    -28,   -119,   -120,    111, 
	  -191,    -26,    509,   -352,   -241, 
	   -43,    -52,    -21,    653,   -148, 
	  -119,    -74,     86,    103,   -114, 
	    59,    -75,    402,    -90,     23, 
	     6,    -78,    518,    -19,    -99, 
	    18,     30,     37,     10,   -294, 
	  -608,    135,    238,     95,     68, 
	    61,    145,   -146,   -403,     74, 
	   -61,     11,    208,    350,    226, 
	  -105,    246,   -271,    247,    -45, 
	  -134,   -136,    -81,    106,     95, 
	     6,    -95,   -531,    -58,    150, 
	    55,    -71,     71,   -110,    -68, 
	    86,   -195,   -228,    100,   -246, 
	  -128,    287,    113,   -151,     45, 
	     7,     14,     55,    122,   -274, 
	   496,    135,    527,    175,    -21, 
	  -103,   -116,   -186,    -94,   -396, 
	   109,   -371,    -21,    146,    184, 
	    27,     50,   -113,    167,    250, 
	    69,   -602,    286,    290,    108, 
	    11,   -201,    -37,     22,    124, 
	  -473,   -331,   -121,    120,     43, 
	    49,   -101,      7,     33,     93, 
	    38,    195,    373,    863,    547, 
	    -7,    -11,    -65,    -30,    -55, 
	  -318,   -108,   -667,    819,    459