1235,   2611,   6431,  10332,  12622, 
	 15841,  19465,  22803,  26190,  28376, 
	  1331,   2636,   6865,   8833,  12361, 
	 16074,  18947,  22225,  25620,  28485, 
	  1763,   2295,   4910,   9969,  11691, 
	 13423,  17051,  21517,  24916,  28999, 
	  1152,   2885,   7419,   7828,  12584, 
	 15063,  17442,  22044,  25820,  28337, 
	  2390,   4400,   7575,  10952,  13761, 
	 14929,  17541,  21832,  25286,  27660, 
	  2362,   4679,   7582,   9839,  13610, 
	 14621,  18804,  22430,  25445,  27440, 
	  3921,   5596,   9639,  12376,  14401, 
	 15312,  18393,  22954,  25091,  26770, 
	  3555,   5373,   9494,  10472,  13064, 
	 15854,  18677,  21698,  25160,  27373, 
	  2244,   4109,   6979,  10917,  12717, 
	 14892,  20019,  22461,  26114,  28139, 
	  2918,   4156,   7433,   9143,  12407, 
	 16700,  19117,  21779,  25267,  27528, 
	  3348,   5426,   8201,  10976,  13234, 
	 15237,  20611,  23998,  26188,  28145, 
	  3572,   5147,   7710,   8709,  12678, 
	 16166,  20466,  23135,  26579,  28327, 
	  4315,   5918,   9553,  12780,  13856, 
	 16271,  19374,  21058,  24780,  26317, 
	  3089,   5800,   8369,  11719,  14331, 
	 16034,  18923,  22444,  25332,  27562, 
	  4994,   6733,  10813,  13390,  15434, 
	 17103,  20576,  22123,  25035,  26914, 
	  3952,   6171,  10215,  11770,  14778, 
	 17533,  20049,  22613,  25796,  27835, 
	  2701,   4281,   7043,  10629,  12978, 
	 16482,  19812,  22809,  25939,  28168, 
	  2340,   3276,   6014,   9136,  12632, 
	 16295,  19128,  21982,  25524,  28299, 
	  3184,   5242,   8523,  10215,  12023, 
	 16595,  20040,  23051,  27265,  28525, 
	  2085,   2830,   6520,   8485,  11922, 
	 16341,  19551,  23282,  26741,  28632, 
	  3583,   4947,   7887,  10938,  13103, 
	 15455,  19103,  22007,  26234,  27975, 
	  2286,   5859,   7491,  10241,  13290, 
	 14393,  18104,  22759,  25673,  27769, 
	  4995,   7056,  10279,  12284,  15132, 
	 17322,  21582,  23156,  25489,  27147, 
	  4001,   5341,   9457,  11645,  13770, 
	 16159,  20993,  23278,  25868,  27787, 
	  2762,   4576,   7755,  12513,  13929, 
	 16635,  20767,  23812,  26363,  28274, 
	  2085,   5054,   6912,   9249,  12692, 
	 15583,  18610,  22855,  26418,  28281, 
	  3745,   5681,   9057,  12313,  14687, 
	 17273,  22733,  25390,  28055,  29302, 
	  2842,   4829,   7600,  11164,  13778, 
	 16831,  22221,  24576,  27554,  28801, 
	  3724,   5563,  10669,  12435,  14157, 
	 17419,  20914,  22921,  26182,  27910, 
	  4251,   6415,   8752,  12336,  14143, 
	 16286,  20517,  23661,  26148,  28300, 
	  4503,   6518,  11984,  13751,  15426, 
	 18534,  22263,  24324,  26923,  27982, 
	  4110,   6275,  10707,  12985,  14918, 
	 17452,  21002,  23932,  27137,  28670, 
	  1183,   2358,   6530,  10239,  13875, 
	 16666,  19867,  22814,  26151,  28721, 
	  1761,   3467,   8452,  10100,  13520, 
	 16478,  19511,  22286,  25689,  28089, 
	  2277,   3757,   5931,  10860,  15492, 
	 16881,  19412,  22348,  25035,  27614, 
	  2519,   4976,   7847,  10307,  15608, 
	 17376,  20476,  22716,  25978,  27600, 
	  2317,   3694,   7633,  10835,  14582, 
	 17125,  19261,  22441,  25516,  27644, 
	  2877,   5615,   7902,  10298,  14851, 
	 16220,  19526,  22144,  25028,  27613, 
	  3665,   5137,   9743,  13592,  16403, 
	 17850,  19962,  21927,  25095,  26938, 
	  3948,   6420,   8352,  10916,  16261, 
	 17808,  20347,  22538,  25879,  27576, 
	  1426,   2611,   6654,  11950,  14476, 
	 16819,  20630,  22991,  26583,  28293, 
	  2282,   4237,   7116,  11060,  14566, 
	 15778,  19903,  21977,  26740,  28397, 
	  1934,   4521,   8718,  12418,  17159, 
	 19335,  20649,  24132,  26186,  28202, 
	  3301,   5826,   8554,  12064,  15395, 
	 16979,  21068,  23164,  26387,  28363, 
	  2718,   4288,   8567,  13475,  15847, 
	 18434,  21348,  22432,  26825,  28401, 
	  3478,   5357,   8534,  11830,  16047, 
	 17184,  19473,  22918,  25702,  27755, 
	  4043,   5934,  12206,  14354,  17231, 
	 19767,  21414,  22961,  26564,  27780, 
	  3784,   5959,   9416,  11567,  16273, 
	 17700,  20553,  23403,  26866,  28607, 
	  1734,   3651,   7184,  10308,  13527, 
	 16851,  19927,  22791,  26088,  28544, 
	  1757,   3981,   7817,  10880,  14303, 
	 16660,  20226,  23426,  26402,  28869, 
	  2183,   4756,   9301,  12102,  14074, 
	 17503,  20772,  23518,  26290,  28189, 
	  3810,   5558,   8919,  11770,  14555, 
	 16844,  20621,  23607,  27440,  28960, 
	  2620,   4488,   9264,  10770,  14006, 
	 17021,  19572,  22284,  25397,  27841, 
	  3383,   5238,   7945,  11909,  15112, 
	 16037,  20250,  23244,  25405,  27812, 
	  4464,   6233,  10430,  13456,  16358, 
	 18629,  22470,  23849,  26722,  27848, 
	  4187,   6286,   9165,  12283,  15109, 
	 16806,  21630,  24318,  27586,  28968, 
	   983,   2234,   7612,  10702,  14140, 
	 17324,  20849,  23714,  26995,  29022, 
	  2474,   5054,   8425,  11267,  14284, 
	 16533,  19904,  22802,  26292,  28329, 
	  1717,   3762,   8388,  11830,  15315, 
	 19380,  22431,  25357,  28182,  29167, 
	  3409,   5295,   8953,  11669,  14889, 
	 18035,  22340,  24559,  27777,  29017, 
	  3591,   4788,  10034,  13211,  14619, 
	 18436,  21036,  24151,  27653,  28907, 
	  4069,   6835,   9512,  12331,  15124, 
	 17352,  20393,  23218,  26671,  28434, 
	  3953,   6024,  10129,  14075,  17426, 
	 19980,  23232,  24258,  28399,  29163, 
	  4069,   6124,  10144,  13510,  15145, 
	 17945,  21937,  24855,  28096,  29222, 
	  1034,   1691,   3959,   9113,  12828, 
	 16293,  19297,  22834,  25916,  29276, 
	  1363,   2219,   3975,   7291,  12634, 
	 16054,  18599,  22546,  25913,  28719, 
	  3144,   4001,   8445,  12141,  14222, 
	 17100,  19564,  21048,  23123,  27413, 
	  2648,   5717,   7537,   8666,  12358, 
	 15825,  18397,  21719,  26348,  28031, 
	  2387,   3510,   6949,  11778,  13711, 
	 15033,  16763,  21876,  24481,  27121, 
	  1915,   3959,   7258,  10862,  12236, 
	 14264,  17226,  19941,  24592,  27245, 
	  4164,   6170,  12276,  15449,  17068, 
	 17861,  19671,  22575,  25273,  26157, 
	  3784,   5253,  10915,  13355,  14749, 
	 17132,  19933,  22691,  26602,  28146, 
	  2903,   4243,   6741,  12393,  14535, 
	 15708,  19606,  21307,  24938,  27636, 
	  2172,   4098,   5551,   8324,  12859, 
	 16575,  20157,  21270,  23997,  27601, 
	  3304,   6094,  12035,  14917,  16071, 
	 17387,  21906,  22892,  25237,  27200, 
	  2585,   4574,   9663,  12289,  14379, 
	 17596,  19990,  24288,  27782,  28953, 
	  3675,   5422,  10483,  14157,  15528, 
	 17558,  19427,  21222,  26149,  27757, 
	  3278,   4524,  10455,  12046,  13320, 
	 15716,  18978,  21346,  25134,  27406, 
	  4361,   7784,  14692,  15557,  18498, 
	 20598,  21661,  23677,  26161,  27693, 
	  4164,   5811,  13497,  14831,  15914, 
	 16837,  21872,  24223,  26236,  27971, 
	  2133,   4460,   6965,   7931,  14145, 
	 18084,  19379,  23420,  26103,  27364, 
	  2001,   2406,   4511,   8786,  12863, 
	 18288,  20228,  22987,  25050,  28097, 
	  5227,   7532,  10958,  12497,  16977, 
	 19977,  21338,  23070,  25678,  27015, 
	  4683,   5571,   8277,  10290,  14400, 
	 19681,  21824,  22828,  27560,  28660, 
	  4742,   7584,   9398,  11633,  15032, 
	 17007,  20126,  22735,  25426,  27102, 
	  4287,   5507,   7458,  11091,  12129, 
	 14955,  19473,  22056,  24487,  27690, 
	  5046,   8889,  13154,  15847,  18379, 
	 20158,  21425,  23398,  25612,  26804, 
	  4469,   6084,  11259,  14273,  15496, 
	 17432,  21691,  23982,  26925,  28268, 
	  3089,   4829,   7679,  14356,  15345, 
	 17215,  21891,  23842,  27589,  28842, 
	  3173,   4979,   6288,   9409,  14300, 
	 15310,  20881,  22925,  25473,  27583, 
	  3271,   6972,  11990,  16305,  17884, 
	 18937,  23159,  25372,  28078,  29183, 
	  3327,   5226,   9470,  12901,  14992, 
	 19081,  23040,  25496,  28296,  29308, 
	  4430,   6660,  11282,  13548,  15355, 
	 18802,  20857,  23232,  26691,  27972, 
	  4645,   7051,   8868,  11184,  14119, 
	 16089,  21529,  24040,  26294,  27988, 
	  4447,   7733,  13946,  16302,  19278, 
	 21767,  23635,  24610,  27871,  28859, 
	  4158,   6486,  13751,  15899,  17099, 
	 19483,  23140,  24011,  27465,  28437, 
	  1344,   2495,   4668,  11204,  14784, 
	 17089,  19247,  22451,  25803,  28423, 
	  1125,   1974,   5162,  11821,  13948, 
	 15748,  19012,  21883,  27201,  28898, 
	  3217,   3946,   6644,  12194,  18061, 
	 20346,  21304,  23271,  25534,  27079, 
	  3332,   4956,   8321,  11550,  17145, 
	 18264,  20716,  23494,  26171,  28050, 
	  2678,   3977,   7188,  13476,  16902, 
	 18202,  19459,  22740,  25528,  27883, 
	  2280,   3529,   7988,  12875,  14919, 
	 17181,  19682,  22173,  25717,  28235, 
	  4147,   5834,  11996,  14701,  18290, 
	 19699,  21323,  23173,  24946,  26356, 
	  3917,   5991,  11111,  14249,  17240, 
	 18684,  21366,  23766,  26741,  28517, 
	  1085,   2692,   7163,  11063,  16619, 
	 18531,  21633,  23007,  26043,  28362, 
	  2764,   3847,   6270,  10293,  14394, 
	 15540,  20779,  22660,  26873,  28680, 
	  3615,   5095,  10763,  14105,  18167, 
	 21509,  22283,  24783,  27979,  28851, 
	  3648,   4887,   9134,  14135,  17106, 
	 18137,  22726,  23804,  27626,  28881, 
	  3326,   5339,  11112,  14012,  17573, 
	 19687,  22834,  24358,  26989,  28383, 
	  1722,   4725,  10178,  13030,  15190, 
	 17618,  20723,  23234,  26955,  28543, 
	  4360,   7024,  12774,  16665,  18558, 
	 19854,  22833,  24188,  27892,  29431, 
	  4280,   6357,  10384,  15303,  17902, 
	 19034,  23118,  25058,  27935,  29283, 
	  2768,   4129,   8306,  10799,  13884, 
	 18262,  20187,  22852,  26772,  28370, 
	  2034,   4279,   7756,  11512,  15215, 
	 17585,  21172,  23621,  26892,  28800, 
	  3957,   6362,  10230,  13244,  18507, 
	 20323,  22320,  25348,  27153,  28367, 
	  3907,   5802,  10081,  12263,  16138, 
	 19287,  21181,  24913,  27947,  29095, 
	  4383,   5888,  10328,  12782,  17069, 
	 19765,  21506,  23200,  25126,  26575, 
	  4262,   6209,   9669,  12522,  15621, 
	 17271,  20715,  23613,  25573,  27511, 
	  4805,   7810,  13008,  15663,  19824, 
	 20748,  22715,  25587,  27359,  28317, 
	  4149,   6161,  11852,  13742,  15946, 
	 19432,  23273,  25231,  27525,  28501, 
	  1831,   3397,   7501,  12110,  15434, 
	 17219,  22731,  24654,  28354,  29206, 
	  2882,   5934,   9048,  11896,  15095, 
	 17917,  20944,  23806,  26889,  29237, 
	  3627,   6904,  11826,  14474,  19830, 
	 21333,  24264,  27089,  28757,  29321, 
	  3826,   6518,  10077,  12761,  16554, 
	 19810,  23216,  25573,  28363,  29437, 
	  3491,   5698,  10538,  13871,  16079, 
	 20024,  21929,  24677,  27660,  28721, 
	  4142,   6497,   9410,  12331,  15353, 
	 18183,  21631,  23876,  27468,  28907, 
	  4192,   7591,  12085,  16313,  18373, 
	 21366,  24453,  25477,  28474,  29287, 
	  4260,   7187,  10444,  14056,  17451, 
	 20617,  24127,  25538,  27930,  29121, 
	  1390,   2047,   4517,   9530,  12518, 
	 16072,  19219,  21578,  25858,  28598, 
	  1494,   2885,   5289,   8948,  12143, 
	 15339,  19079,  21678,  25336,  28093, 
	  2222,   2937,   6298,   9810,  10834, 
	 15443,  18461,  19932,  24994,  28071, 
	  1669,   2530,   5649,   8018,  10985, 
	 16373,  19111,  21315,  24887,  27813, 
	  2172,   3277,   7050,   8733,  13078, 
	 15136,  17907,  20308,  25924,  27683, 
	  2093,   4132,   5393,   9674,  12473, 
	 14230,  18160,  21314,  24606,  27322, 
	  3806,   5701,  10039,  11166,  12949, 
	 14575,  18022,  21172,  25038,  27322, 
	  2561,   5149,   7113,  10504,  12522, 
	 14158,  17654,  19313,  24515,  27218, 
	  1179,   2650,   7431,   9050,  10434, 
	 13573,  18265,  22580,  26317,  28963, 
	  2248,   2958,   7276,   9213,  12243, 
	 16591,  18873,  21061,  24192,  27955, 
	  4338,   5348,   9649,  10315,  11867, 
	 16149,  20259,  22886,  24716,  27445, 
	  1426,   3114,   6815,   7949,  11153, 
	 16753,  19833,  21608,  26782,  28546, 
	  2584,   6754,   9469,  10482,  13176, 
	 15661,  19052,  21722,  26051,  27697, 
	  3428,   5177,   8200,  11373,  12946, 
	 14641,  17914,  21413,  25594,  27753, 
	  4735,   7260,  11514,  12754,  15663, 
	 17800,  20306,  22500,  25944,  27320, 
	  3502,   6354,   9070,  10553,  12539, 
	 15886,  19094,  21291,  27192,  28951, 
	  2642,   4532,   6234,   8047,  12734, 
	 15698,  19194,  22140,  26443,  28452, 
	  2136,   4147,   5709,   9595,  12145, 
	 14310,  18597,  21417,  26426,  28258, 
	  4031,   6018,   7826,   9504,  12177, 
	 18337,  20786,  22104,  27026,  28328, 
	  2305,   4210,   6641,   8403,  10929, 
	 15322,  20494,  22741,  27288,  29055, 
	  3565,   4511,   8484,   9865,  12415, 
	 15090,  18040,  21053,  25508,  27827, 
	  2206,   4611,   8071,   9591,  11496, 
	 14849,  18113,  21428,  25560,  27811, 
	  4489,   6690,  10742,  12127,  14594, 
	 16613,  20235,  22240,  25375,  26801, 
	  2939,   5478,   8964,  10478,  11867, 
	 14913,  19742,  23258,  26297,  28330, 
	  2327,   5604,   7172,   9013,  11073, 
	 16432,  21424,  23752,  26665,  28858, 
	  2615,   5356,   7214,   9896,  11624, 
	 15454,  19265,  22012,  26011,  28338, 
	  3824,   6388,   9668,  11918,  15147, 
	 18685,  22638,  24770,  27838,  29105, 
	  4158,   5524,   7412,   8923,  13409, 
	 16952,  21520,  23943,  28579,  29581, 
	  4098,   7133,  10141,  11561,  15014, 
	 16783,  19295,  22221,  25972,  27982, 
	  3585,   5426,  10149,  11181,  12551, 
	 15366,  19114,  22103,  25601,  28106, 
	  4402,   6620,  13242,  14351,  16951, 
	 19130,  22039,  24110,  26710,  27916, 
	  4000,   6214,   9972,  11704,  14281, 
	 17197,  20952,  23753,  27068,  28511, 
	  1790,   3695,   6664,   9425,  12940, 
	 16432,  18961,  22205,  25948,  28371, 
	  1809,   3627,   7554,   9958,  13460, 
	 15303,  18035,  21840,  25839,  28019, 
	  1674,   2534,   7143,  11064,  13654, 
	 16973,  19316,  21329,  24025,  28172, 
	  2660,   4164,   5715,  10394,  13610, 
	 15666,  18740,  21505,  24009,  27508, 
	  3330,   4577,   7367,  11062,  13987, 
	 16109,  19603,  21679,  25545,  27943, 
	  2187,   4726,   7722,  11171,  13781, 
	 15668,  18466,  21251,  25605,  27762, 
	  3659,   5629,   8862,  12666,  15394, 
	 16948,  19120,  21306,  25081,  27245, 
	  3126,   4948,   8848,  12140,  13607, 
	 15603,  18458,  21245,  26589,  28481, 
	  2212,   3002,   6868,   9566,  15043, 
	 16027,  18265,  23369,  25339,  27461, 
	  2756,   4679,   7495,  10031,  15034, 
	 16987,  18317,  22319,  25418,  27308, 
	  1950,   3458,   6862,  13712,  15915, 
	 18222,  20320,  21768,  26964,  27981, 
	  2893,   4865,   7148,  13178,  15702, 
	 16972,  19864,  21895,  26795,  28878, 
	  3847,   5666,   9113,  12577,  14843, 
	 16655,  19813,  22679,  25924,  28018, 
	  3117,   5195,   7928,  11628,  14897, 
	 16603,  18766,  21387,  25582,  27876, 
	  3805,   5278,  10807,  14938,  17881, 
	 19159,  21345,  22594,  26570,  27896, 
	  3525,   5525,   9470,  12933,  14946, 
	 17747,  20954,  22876,  26992,  28647, 
	  1631,   4581,   7127,   8962,  13731, 
	 17347,  18794,  21638,  27173,  28001, 
	  2574,   4725,   8647,  10912,  12787, 
	 15428,  18825,  21470,  26373,  28307, 
	  3127,   4195,   7374,  12587,  14405, 
	 18852,  20253,  22627,  27478,  28517, 
	  2533,   5142,   8461,  12496,  13700, 
	 16525,  21040,  24036,  28366,  29318, 
	  3950,   5488,  10136,  11407,  13725, 
	 16393,  19585,  21988,  25922,  27873, 
	  2669,   4383,   8955,  12043,  13539, 
	 16030,  19282,  22484,  25365,  27586, 
	  3676,   5643,  10825,  14809,  16138, 
	 19022,  21056,  22342,  26759,  28154, 
	  3218,   5705,   9049,  13441,  14605, 
	 17232,  21566,  24500,  27560,  28962, 
	  3427,   4993,   7432,   9832,  15453, 
	 17929,  20254,  24097,  26358,  27703, 
	  3893,   5483,   8503,  10827,  14712, 
	 17036,  19951,  22884,  26270,  28165, 
	  1704,   4249,   9222,  14070,  15789, 
	 19620,  21995,  23914,  28271,  29328, 
	  2069,   4235,   7092,  11468,  15762, 
	 18357,  22720,  23573,  27977,  28975, 
	  3989,   6732,  10213,  12312,  15735, 
	 17997,  21462,  23880,  26518,  28134, 
	  3528,   5644,   9293,  11727,  15052, 
	 17890,  20536,  23345,  25837,  28012, 
	  4141,   6203,  10698,  15258,  16735, 
	 20342,  23389,  24645,  28313,  29301, 
	  2394,   6000,   9631,  12910,  15489, 
	 18398,  22256,  24553,  27650,  28979, 
	  1379,   2070,   3327,   7167,  12236, 
	 16462,  18860,  20840,  25525,  29115, 
	  1378,   1843,   3245,   9353,  12285, 
	 14919,  18516,  19776,  25450,  28013, 
	  2702,   3750,   8806,  11126,  12856, 
	 15679,  17493,  18497,  23712,  28562, 
	  1724,   3078,   7010,   8455,  11287, 
	 15241,  18694,  19671,  25222,  27852, 
	  1740,   3315,   7026,   9740,  13755, 
	 15237,  17441,  19155,  26625,  28146, 
	  1656,   2911,   5097,  10351,  11536, 
	 12507,  15914,  18920,  25009,  27213, 
	  3996,   5456,  12400,  13802,  15576, 
	 17889,  19694,  22025,  25805,  27220, 
	  2421,   5320,   8537,  11374,  12906, 
	 14587,  15898,  19769,  25390,  28628, 
	  1728,   2987,   5060,  10633,  12390, 
	 13564,  18963,  20519,  27069,  27706, 
	  1311,   3216,   4763,   8087,  12695, 
	 13373,  19076,  20864,  26744,  29031, 
	  4410,   6208,  11993,  13259,  14850, 
	 17256,  21307,  22572,  26056,  27433, 
	  1663,   5512,   8293,   9424,  11493, 
	 16819,  20075,  21847,  26010,  27197, 
	  3014,   5148,  10338,  13725,  14719, 
	 17387,  19592,  20447,  26568,  29284, 
	  2825,   4836,   6976,  10315,  12150, 
	 13237,  16603,  20503,  25629,  27400, 
	  4477,   7630,  13014,  15868,  17724, 
	 18883,  22202,  24038,  27138,  28614, 
	  4204,   6399,  10905,  12884,  14043, 
	 15721,  20053,  22735,  25910,  27764, 
	  1729,   3355,   4654,   6435,  14728, 
	 16425,  18605,  22277,  25703,  28054, 
	  1715,   3828,   4603,   7450,  13544, 
	 14124,  18365,  21879,  25179,  28460, 
	  4992,   6187,   9434,  11164,  13801, 
	 19098,  20820,  21850,  25692,  26897, 
	  3977,   5461,   7511,   8439,  12661, 
	 19499,  20890,  22680,  25634,  27773, 
	  4057,   6048,   6957,   9413,  15213, 
	 16273,  18923,  22273,  25041,  26417, 
	  2438,   6029,   7447,   9461,  10554, 
	 13004,  19942,  22253,  25029,  29091, 
	  3829,   8987,  12202,  13953,  17537, 
	 19278,  22711,  23434,  25353,  27215, 
	  5048,   7470,  10252,  11572,  14093, 
	 15618,  21853,  23475,  25895,  27317, 
	  4065,   6880,   9114,   9740,  12454, 
	 16625,  20918,  23199,  27455,  28571, 
	  3241,   4778,   6051,   8933,  12801, 
	 14349,  20294,  23385,  25876,  28254, 
	  3675,   5415,  11026,  13710,  15708, 
	 19858,  24325,  25921,  28024,  29243, 
	  4856,   7198,   8409,   9869,  12042, 
	 15264,  22555,  24140,  27439,  28994, 
	  4988,   7384,  10543,  13292,  15783, 
	 17876,  21484,  23448,  25862,  27217, 
	  4901,   7298,   8968,  10568,  12963, 
	 14745,  20801,  23776,  25290,  27270, 
	  4561,   7862,  14214,  16330,  17416, 
	 20136,  23315,  24763,  27145,  28630, 
	  4563,   7508,  12530,  13904,  15333, 
	 18571,  23295,  24795,  26241,  27393, 
	  1952,   3334,   6470,   9159,  15287, 
	 17956,  18913,  21719,  25715,  26879, 
	  1550,   3002,   6303,   9996,  14369, 
	 15374,  18745,  21295,  25614,  28241, 
	  2726,   3890,   7883,  12773,  17139, 
	 18295,  20470,  22622,  24437,  26182, 
	  2693,   3856,   6843,  12216,  15936, 
	 17750,  19805,  21341,  25751,  27909, 
	  3000,   4893,   7706,  11444,  14967, 
	 17817,  19836,  22327,  24779,  27421, 
	  2351,   3201,   7201,  12248,  13047, 
	 15174,  18111,  20587,  25365,  27749, 
	  2468,   3953,  12661,  15829,  17556, 
	 18188,  21192,  23877,  24676,  25623, 
	  2886,   4191,  11559,  14048,  14997, 
	 16490,  19195,  22401,  26323,  27786, 
	  2427,   3417,   5697,  11245,  16188, 
	 19949,  21562,  23228,  26188,  26997, 
	  1277,   1863,   5179,   9081,  16609, 
	 18047,  20223,  21388,  27100,  28634, 
	  2205,   4025,   9818,  15295,  17182, 
	 20474,  21091,  25901,  28600,  29329, 
	  1057,   2003,   6960,  13719,  15228, 
	 19133,  22663,  25667,  28365,  29355, 
	  2708,   4128,  10362,  13760,  16506, 
	 18600,  20569,  22892,  26207,  27968, 
	  2853,   4318,   7751,  12617,  14942, 
	 16106,  19510,  21514,  27209,  28515, 
	  2356,   6180,  12682,  15578,  19372, 
	 21279,  22840,  25916,  27493,  28596, 
	  3526,   4938,   9388,  14647,  15870, 
	 17612,  22051,  24217,  27928,  29068, 
	  3377,   4709,   7473,  10291,  16439, 
	 17997,  19502,  22828,  25644,  27614, 
	  3588,   4776,   6449,  10261,  15500, 
	 16580,  21352,  22727,  25327,  28192, 
	  3931,   5367,  10197,  13902,  17379, 
	 18223,  23336,  24670,  25788,  27462, 
	  3333,   5658,   8906,  12592,  16583, 
	 17857,  22738,  24189,  27608,  29186, 
	  5276,   6728,   9688,  13085,  16779, 
	 18387,  20814,  22860,  24591,  25940, 
	  4231,   5866,  10746,  13851,  14785, 
	 16230,  21077,  23316,  25069,  27226, 
	  5031,   7926,  12758,  15452,  18700, 
	 20729,  23735,  24858,  26390,  27588, 
	  4258,   5904,  11076,  14603,  15547, 
	 18063,  22928,  25141,  27822,  28926, 
	  3122,   4618,   7924,  11323,  16428, 
	 19728,  22864,  24376,  26872,  28446, 
	  3127,   4572,   7814,  11182,  15640, 
	 19190,  21779,  23133,  26069,  27682, 
	  1847,   5725,  10840,  14319,  18539, 
	 22091,  25791,  28024,  29157,  29631, 
	  3111,   5547,   9668,  12973,  16299, 
	 20499,  24195,  26394,  28824,  29778, 
	  4459,   6319,  11379,  13406,  17147, 
	 19765,  23171,  25103,  26887,  27948, 
	  3699,   5260,   8731,  11994,  15767, 
	 17236,  22406,  24371,  26342,  28212, 
	  4142,   7242,  13735,  15549,  18801, 
	 22168,  25697,  26232,  27507,  28960, 
	  4155,   6571,  11532,  14692,  16961, 
	 21321,  23764,  26487,  28296,  29130, 
	  2324,   3186,   5396,  10104,  11954, 
	 14176,  18399,  22320,  25526,  27904, 
	  1443,   2194,   3662,   7245,  11314, 
	 15218,  19010,  22710,  26266,  28804, 
	  2346,   3619,   4395,   8555,  12081, 
	 13062,  19485,  20260,  24526,  25707, 
	  1261,   1700,   2988,   5409,  12370, 
	 14353,  20134,  21498,  25564,  29304, 
	  2883,   4209,   6833,  10496,  12097, 
	 14017,  18272,  21473,  24037,  26978, 
	  2119,   4557,   6634,   8590,  12353, 
	 13569,  18161,  20884,  25274,  28180, 
	  4529,   6386,   8873,  11745,  13823, 
	 15064,  19228,  21993,  23404,  25231, 
	  3182,   4498,   8499,   9687,  10995, 
	 14453,  18314,  19879,  23862,  27362, 
	  2368,   4983,   6543,   9395,  12036, 
	 13395,  18209,  21832,  25090,  26800, 
	  2157,   3440,   4625,   6648,  11271, 
	 15290,  18750,  22281,  25727,  27539, 
	  4482,   5891,   9164,  10571,  12713, 
	 15733,  20012,  22584,  24314,  26182, 
	  1991,   2562,   4125,   8305,  10604, 
	 18870,  22814,  24659,  27248,  27870, 
	  5386,   6915,   8030,  11851,  13015, 
	 15694,  18826,  19809,  24238,  26438, 
	  2902,   6267,   7714,   9562,  13556, 
	 15291,  18163,  21233,  25278,  27194, 
	  5558,   6873,  11561,  14078,  16352, 
	 19318,  21597,  22629,  23497,  24528, 
	  5586,   7637,   9255,  10207,  14309, 
	 17978,  20568,  21406,  24809,  26743, 
	  2624,   4741,   7556,   8863,  10921, 
	 13945,  18335,  21757,  26355,  28126, 
	  2254,   3675,   5732,   7685,  11719, 
	 15361,  18097,  20646,  25073,  28107, 
	  4913,   5660,   7479,   8821,  12142, 
	 16525,  20694,  21647,  26338,  27448, 
	  3240,   4050,   4995,   7138,  11570, 
	 15527,  20638,  21669,  27187,  28556, 
	  3012,   4993,   7747,  10552,  12002, 
	 14657,  18132,  21682,  25647,  27495, 
	  2761,   5492,   6970,   9832,  12187, 
	 14159,  18657,  20120,  25442,  28258, 
	  5565,   8017,   9988,  11316,  12876, 
	 16087,  20191,  21170,  24638,  26607, 
	  4250,   6636,   8725,  10631,  12152, 
	 14442,  19591,  22491,  26145,  28167, 
	  3766,   5372,   7460,   8703,  10777, 
	 12261,  20550,  22882,  25455,  29280, 
	  2622,   4644,   6114,   8405,  12333, 
	 14030,  19508,  22806,  26633,  28448, 
	  4739,   6778,   9528,  10844,  13721, 
	 17551,  23080,  24739,  26470,  27704, 
	  4409,   5345,   7317,   9389,  11700, 
	 18101,  23462,  24031,  27673,  29197, 
	  4900,   6757,   8403,  12419,  13737, 
	 15114,  19707,  21229,  24729,  28300, 
	  3273,   6771,   7896,   9906,  12108, 
	 14011,  19798,  23420,  25684,  27770, 
	  5229,   7896,  11376,  13799,  16222, 
	 18380,  21385,  23916,  26099,  27273, 
	  5161,   7960,   9899,  11729,  14524, 
	 17081,  21887,  23738,  25860,  27167, 
	  2143,   3552,   4987,  10254,  13959, 
	 15275,  19579,  22605,  26123,  28037, 
	  2160,   2962,   4803,   8262,  13316, 
	 16097,  20352,  22892,  24909,  28674, 
	  1705,   3402,   6974,  11980,  16867, 
	 17855,  20211,  22629,  25504,  27961, 
	  1891,   2629,   4089,  10155,  16654, 
	 18214,  21410,  22765,  26267,  28131, 
	  2226,   4351,   7324,  12497,  13824, 
	 15694,  18740,  21839,  25991,  27681, 
	  2471,   4233,   6719,  11136,  13271, 
	 14497,  18399,  20747,  26589,  28555, 
	  4294,   6087,  11107,  13770,  16445, 
	 17542,  20554,  23415,  25130,  26967, 
	  2933,   4662,   9482,  11749,  15052, 
	 18042,  19878,  21608,  25539,  28018, 
	  1798,   3358,   5022,  10734,  13477, 
	 15041,  20096,  20884,  25774,  28472, 
	  2594,   4164,   6141,  10056,  12745, 
	 14710,  19090,  23274,  27161,  28693, 
	  2942,   4667,   8982,  13558,  17210, 
	 19954,  22495,  23489,  26595,  28175, 
	  2116,   3283,   5538,  11552,  15173, 
	 18443,  22120,  23873,  27635,  29159, 
	  3348,   4651,   8631,  13328,  14515, 
	 16784,  20851,  22158,  26829,  28425, 
	  3449,   4929,   8212,  12284,  13684, 
	 15592,  19487,  22815,  26603,  28448, 
	  4166,   6956,  10854,  14682,  18904, 
	 20587,  21681,  23281,  26211,  27243, 
	  3314,   4913,   9177,  13446,  14915, 
	 19403,  20814,  22646,  27878,  28987, 
	  2093,   3402,   7981,   9712,  13514, 
	 17169,  19726,  21395,  24346,  27845, 
	  2434,   4132,   6111,   9914,  14414, 
	 16400,  20945,  23046,  25410,  28356, 
	  3300,   4813,   8885,  11502,  17054, 
	 20193,  21756,  23773,  26524,  27941, 
	  2509,   3606,   7567,   9859,  15005, 
	 20072,  22551,  23218,  26075,  26990, 
	  5014,   6180,   9497,  12143,  14152, 
	 16921,  19250,  21025,  25206,  26905, 
	  4290,   6585,   8727,  11125,  13805, 
	 16264,  19378,  22407,  25455,  27196, 
	  5085,   8296,  11183,  12866,  15955, 
	 18190,  21059,  22912,  25818,  27042, 
	  4521,   6398,  10456,  12427,  15379, 
	 18285,  21257,  22590,  26076,  27519, 
	  2879,   4407,   7360,   9823,  13772, 
	 17809,  21322,  24655,  27261,  28467, 
	  3519,   4647,   7488,  10534,  14862, 
	 16652,  20354,  23221,  26512,  28459, 
	  1267,   5021,  10923,  12821,  16775, 
	 19575,  22916,  24859,  27561,  29018, 
	  2725,   4936,   8781,  12573,  16472, 
	 20334,  22957,  25173,  27860,  28923, 
	  4444,   6693,  10262,  13233,  15064, 
	 17430,  20202,  22487,  26031,  27706, 
	  4192,   6322,   9143,  11309,  14979, 
	 16881,  19971,  22825,  26506,  28352, 
	  4553,   7461,  11578,  13981,  18292, 
	 20156,  22786,  24729,  26926,  27984, 
	  3971,   6394,   9799,  12907,  15797, 
	 18441,  22952,  24881,  26981,  28509, 
	  1627,   2260,   4341,   9573,  10830, 
	 13534,  17755,  20852,  24628,  28409, 
	  1226,   2169,   3604,   6224,  10682, 
	 11917,  18949,  21339,  25519,  28337, 
	  4114,   5353,   9157,  13124,  14370, 
	 16458,  20139,  21787,  24644,  27358, 
	  4802,   5639,   6365,   9477,  11352, 
	 14997,  19762,  22661,  26540,  29349, 
	  2008,   5260,   8522,  10959,  11666, 
	 13563,  16721,  20772,  25314,  26140, 
	  2071,   2758,   5489,   9085,   9886, 
	 12051,  16225,  20580,  24329,  27649, 
	  4386,   7327,  13782,  15117,  17434, 
	 18087,  20698,  22668,  24387,  27053, 
	  4919,   6767,  11241,  12281,  13612, 
	 14971,  19074,  21416,  25088,  26998, 
	  2938,   3619,   5615,   9860,  11993, 
	 13628,  20485,  24035,  25226,  26533, 
	  2010,   2602,   4246,   6054,   9844, 
	 14468,  18887,  22466,  26119,  28586, 
	  4400,   6314,  10203,  12880,  16356, 
	 17640,  22202,  23894,  25516,  27089, 
	  2226,   3270,   7231,   9493,  13750, 
	 19695,  22236,  24273,  26167,  27836, 
	  5519,   7448,   8659,  12093,  14985, 
	 16235,  18232,  20831,  24611,  27705, 
	  3580,   5168,   8693,   9563,  11184, 
	 13772,  18202,  21516,  24980,  27937, 
	  4836,   9549,  15094,  16203,  18905, 
	 20731,  21679,  23695,  25836,  26961, 
	  4656,   6670,  13307,  14591,  15599, 
	 17631,  21010,  23264,  26562,  27614, 
	  4282,   5457,   8892,   9792,  11306, 
	 14415,  19923,  23150,  24953,  27846, 
	  1887,   3020,   5181,   7839,  10072, 
	 14628,  19150,  22386,  26892,  28464, 
	  5780,   8994,  11274,  12547,  16380, 
	 18964,  22465,  24366,  26505,  27425, 
	  5117,   6369,   8802,  10127,  13152, 
	 17438,  20424,  22294,  26831,  28170, 
	  4686,   7114,   9917,  10680,  13460, 
	 15527,  18990,  21113,  24989,  26743, 
	  2981,   5750,   7834,   8811,  10555, 
	 13957,  18559,  22098,  25100,  27830, 
	  5413,  10137,  14715,  15616,  18241, 
	 19724,  21288,  22766,  26186,  27292, 
	  4273,   8159,  12505,  13673,  15838, 
	 17432,  20076,  22119,  25492,  26996, 
	  3649,   6885,   8884,  10884,  12827, 
	 14436,  21723,  23458,  25167,  28169, 
	  3167,   4875,   6784,   7982,  10314, 
	 15523,  20233,  24089,  26368,  28270, 
	  4698,   7322,  11921,  16299,  17827, 
	 18857,  23666,  25524,  27790,  29395, 
	  3288,   5821,  10849,  13047,  14531, 
	 18130,  23359,  25792,  28144,  29219, 
	  5576,   8409,  10558,  12566,  15040, 
	 17414,  20439,  22406,  25172,  26666, 
	  5149,   6655,   9438,   9910,  12227, 
	 15760,  19192,  23980,  25812,  27613, 
	  4850,   9112,  14141,  16403,  19303, 
	 21177,  23564,  24450,  26613,  27753, 
	  4982,   9821,  13680,  15095,  18087, 
	 19071,  22038,  23727,  25971,  27539, 
	  2770,   3547,   5465,  12415,  15127, 
	 15837,  18147,  21351,  25291,  27823, 
	  1144,   2282,   4049,   7389,  14350, 
	 14864,  19230,  20521,  27286,  29579, 
	  3675,   5583,  10122,  14196,  17472, 
	 19270,  21475,  22983,  25351,  27111, 
	  2553,   3921,   7204,  12650,  17313, 
	 18407,  22430,  24409,  25841,  28517, 
	  3796,   5186,   9717,  14112,  15647, 
	 17289,  20066,  22244,  25406,  27442, 
	  1292,   2716,   7012,  10555,  13184, 
	 13824,  15490,  21434,  26101,  27496, 
	  5312,   8384,  13755,  15889,  17576, 
	 20567,  22740,  24088,  25220,  27038, 
	  3661,   5485,  12821,  13430,  17343, 
	 17977,  21634,  23130,  24860,  26073, 
	  1345,   2448,   4785,  11602,  17721, 
	 18171,  21932,  22979,  26012,  27992, 
	  1395,   2910,   4367,   8399,  13302, 
	 14163,  21474,  23023,  25879,  29387, 
	  3728,   5504,  11585,  15466,  19005, 
	 20570,  22383,  23633,  26213,  28738, 
	  2356,   3492,   6891,  12497,  19126, 
	 20672,  22134,  24753,  26683,  28458, 
	  3038,   4088,  11207,  14794,  17523, 
	 18824,  21697,  23218,  25559,  27322, 
	  2672,   4399,   9385,  13469,  14780, 
	 16662,  19444,  22616,  26692,  28505, 
	  4589,   7904,  12716,  15748,  19410, 
	 21575,  23214,  24686,  27288,  28357, 
	  3822,   5573,  12375,  15493,  17939, 
	 20468,  23139,  24243,  27696,  28561, 
	  3779,   5421,   9489,  12192,  15984, 
	 19435,  22076,  23743,  25498,  27479, 
	  2530,   3884,   6813,   9777,  16251, 
	 18387,  21255,  22714,  25937,  27846, 
	  3585,   6562,  10512,  14024,  18186, 
	 21285,  23701,  25154,  28191,  29103, 
	  2511,   4685,   9290,  12738,  17459, 
	 19846,  23568,  24959,  26740,  28368, 
	  4218,   6092,  11278,  14047,  16676, 
	 18692,  20415,  22126,  25349,  27287, 
	  3864,   5464,   8974,  12107,  16840, 
	 17986,  20127,  22865,  24614,  26156, 
	  5185,   8814,  13066,  15520,  19358, 
	 20733,  22441,  23966,  26157,  27364, 
	  3825,   7366,  13748,  14962,  18365, 
	 20149,  21322,  24471,  25976,  28154, 
	  4226,   5811,  10018,  13817,  15957, 
	 18290,  23341,  24323,  25834,  27841, 
	  4185,   6176,   8870,  11228,  15262, 
	 17457,  21746,  23548,  25910,  28103, 
	  3469,   7506,  12593,  16039,  18848, 
	 21402,  24491,  26464,  27633,  28861, 
	  3430,   5846,  10632,  13903,  18014, 
	 21544,  24444,  25748,  27346,  28741, 
	  4186,   6769,  12545,  14646,  19009, 
	 20291,  21727,  23341,  26355,  27957, 
	  3401,   6290,   9940,  13030,  16135, 
	 18562,  20633,  23267,  26311,  28052, 
	  4477,   8672,  13830,  15355,  19433, 
	 21967,  24424,  25276,  27983,  28959, 
	  4472,   7037,  12453,  15346,  18115, 
	 20812,  23242,  25306,  27898,  28796, 
	  1937,   4078,   6327,   8451,  13213, 
	 14461,  16557,  21715,  24641,  27419, 
	  2800,   3646,   5340,   7896,  10945, 
	 13293,  18023,  20315,  25308,  27842, 
	  2455,   3866,   5657,   9528,  11584, 
	 14235,  16294,  18688,  24337,  27001, 
	  1417,   2301,   3627,   6769,   9914, 
	 15804,  19324,  21147,  24314,  28493, 
	  2168,   5059,   7491,   9358,  13513, 
	 14704,  16907,  21305,  25144,  27228, 
	  2159,   3812,   6527,   8598,  12850, 
	 13978,  16719,  21391,  26591,  28084, 
	  3165,   5988,   8352,  10099,  12690, 
	 14912,  17254,  19149,  25328,  27721, 
	  2353,   6544,   8139,   9112,  12570, 
	 15010,  16296,  18278,  25087,  28583, 
	  2157,   3696,   5775,   9458,  10100, 
	 13910,  16130,  22282,  25178,  28073, 
	  1918,   2833,   5674,   7772,  10395, 
	 14317,  18170,  21294,  25546,  27960, 
	  3375,   4709,   6715,  11657,  12690, 
	 16270,  19536,  20736,  23778,  26559, 
	  1538,   2929,   4078,   9207,  11174, 
	 16606,  21243,  21933,  28038,  28727, 
	  3251,   7104,   8804,  10800,  12401, 
	 14346,  15896,  20258,  25234,  28533, 
	  2930,   4991,   7026,  10412,  13182, 
	 14538,  17325,  20749,  25851,  28211, 
	  4789,   6853,  12809,  14054,  15697, 
	 18164,  19751,  21262,  25071,  26388, 
	  5119,   7112,   8824,  10139,  13380, 
	 16301,  17105,  20733,  26252,  27723, 
	  2383,   4060,   7115,   8412,  11257, 
	 14860,  18310,  20310,  24995,  27942, 
	  2420,   3711,   6628,   8936,  11337, 
	 14914,  17541,  21469,  25250,  27712, 
	  5068,   6510,   7192,   9348,  12690, 
	 16654,  19631,  20873,  25273,  27417, 
	  2461,   3755,   5111,   8577,  10170, 
	 16568,  19371,  21261,  25820,  26826, 
	  3429,   4258,   7415,   9240,  10825, 
	 13445,  17255,  21280,  24322,  27242, 
	  2237,   4914,   6911,   8577,  10463, 
	 13183,  17026,  20175,  26226,  28523, 
	  5187,   6956,  10246,  11573,  12747, 
	 14756,  18960,  20195,  24549,  26947, 
	  3314,   5536,   8709,   9418,  11854, 
	 15199,  18472,  21112,  25241,  27628, 
	  2457,   4838,   6835,   7977,   9164, 
	 14316,  19502,  21880,  24894,  28556, 
	  2043,   4229,   6378,   8045,  10965, 
	 15995,  19654,  23455,  25995,  27322, 
	  5919,   7359,   8916,   9848,  13638, 
	 20140,  22199,  23109,  25532,  27187, 
	  3352,   5054,   6914,   8081,  10728, 
	 19807,  21627,  22942,  28076,  29247, 
	  4802,   7270,   8895,   9426,  11826, 
	 15004,  18839,  20885,  25014,  27240, 
	  4064,   5710,   7781,   9846,  12398, 
	 14237,  18527,  21765,  25847,  27623, 
	  4922,   7606,  12691,  13883,  16004, 
	 18953,  21266,  23031,  26128,  27453, 
	  5438,   7431,   9981,  12194,  14083, 
	 17285,  20625,  22738,  25220,  26962, 
	  2082,   4382,   6712,   9575,  14508, 
	 16097,  18842,  22161,  25402,  27764, 
	  2510,   4456,   6583,   8858,  13679, 
	 14843,  18485,  21893,  25001,  27216, 
	  1839,   4474,   6546,   9446,  15272, 
	 16642,  19332,  20868,  24132,  27945, 
	  1948,   2612,   4482,   8483,  15364, 
	 16883,  18766,  21392,  24458,  27031, 
	  3128,   5392,   7895,  11342,  13028, 
	 15934,  18261,  21669,  25113,  27404, 
	  2791,   4857,   7468,  10292,  14157, 
	 15653,  17814,  20891,  25268,  27586, 
	  4115,   5934,   9827,  13173,  15521, 
	 16522,  19613,  22998,  24899,  27280, 
	  2943,   4109,   8148,  12442,  14857, 
	 15797,  17926,  21514,  25398,  27806, 
	  3393,   4067,   6217,   9541,  14034, 
	 16263,  18486,  22459,  24647,  26384, 
	  2824,   4480,   6087,   9913,  13446, 
	 16059,  17546,  20657,  25526,  28010, 
	  3302,   4953,   8705,  13541,  16369, 
	 18679,  21170,  22630,  25821,  27398, 
	  2428,   3392,   4527,   9284,  15379, 
	 20097,  22735,  23945,  26749,  27756, 
	  4150,   5537,   9276,  13155,  14592, 
	 15891,  18643,  21492,  25593,  27915, 
	  3136,   5422,   8029,  11459,  14250, 
	 15459,  18559,  21489,  25932,  28133, 
	  4036,   5970,  12961,  15040,  17527, 
	 18952,  20554,  22511,  25342,  26683, 
	  4068,   5829,   9428,  12604,  15716, 
	 18405,  20298,  22876,  25041,  27923, 
	  2416,   4763,   7281,   8694,  13630, 
	 17539,  19749,  21234,  25270,  27428, 
	  2291,   5450,   7374,   8438,  11495, 
	 15606,  18342,  21183,  25081,  26807, 
	  3908,   6835,   8651,  11597,  16839, 
	 19968,  21353,  23243,  26362,  27637, 
	  1989,   3910,   6746,   8635,  16130, 
	 18767,  20454,  23276,  25768,  27029, 
	  4974,   6496,   9095,  10377,  13427, 
	 16620,  19279,  21561,  25086,  27360, 
	  2681,   6257,   7819,  10136,  13630, 
	 14745,  18226,  21406,  23643,  26290, 
	  4972,   7711,  11000,  14106,  16267, 
	 17780,  20481,  22938,  25737,  27137, 
	  3995,   5685,  10820,  13799,  15169, 
	 17996,  21265,  23561,  25415,  27111, 
	  3636,   5809,   7150,   8497,  14634, 
	 18735,  20995,  23161,  25961,  27303, 
	  4119,   5722,   8386,   9760,  13623, 
	 16299,  19591,  22677,  25829,  27843, 
	  3974,   5634,  10003,  12093,  17425, 
	 19477,  22457,  24594,  26450,  27698, 
	  2516,   4703,   6854,   9277,  15160, 
	 20059,  22886,  24198,  26997,  28294, 
	  4913,   7018,  10231,  12462,  15926, 
	 18064,  20385,  22795,  25913,  27360, 
	  3296,   6298,   9541,  10928,  14395, 
	 16974,  20245,  22678,  25675,  27923, 
	  4019,   7296,  12905,  15713,  17781, 
	 20017,  21652,  23671,  26917,  28164, 
	  4674,   7061,  10834,  12837,  16078, 
	 19291,  22029,  24260,  26526,  27694, 
	  2040,   2898,   4475,   8827,  10420, 
	 15008,  17606,  20505,  22986,  26766, 
	  2054,   3209,   4341,   7749,  10161, 
	 13399,  17432,  18565,  26191,  28275, 
	  3249,   4076,   7978,   9829,  13019, 
	 15491,  17037,  17943,  21877,  26807, 
	  2600,   3410,   5129,   6632,   9638, 
	 14085,  18285,  20925,  24869,  28537, 
	  3055,   4488,   7956,   9329,  10005, 
	 11496,  15097,  20008,  25080,  27948, 
	  2034,   2809,   5538,   7420,   8863, 
	 10967,  13546,  21066,  24543,  28659, 
	  4293,   6001,  11524,  13968,  14730, 
	 17074,  19761,  20701,  24167,  26725, 
	  2923,   5537,   8507,  10007,  11845, 
	 12861,  16475,  18916,  25076,  28240, 
	  3013,   3681,   5036,   9051,  10061, 
	 12218,  17653,  22236,  25178,  27219, 
	  1478,   2916,   5015,   6909,   8057, 
	 12262,  17915,  20451,  26265,  28848, 
	  5409,   6195,   9468,  13597,  15623, 
	 16977,  20694,  21654,  23792,  25827, 
	  3030,   3561,   5951,   8255,  10035, 
	 16515,  20614,  22904,  25103,  26411, 
	  4098,   6993,   9671,  12094,  13470, 
	 15012,  16789,  20792,  25281,  28925, 
	  4581,   5603,   8350,   8919,  10267, 
	 13182,  16011,  20906,  25100,  28527, 
	  4650,   8438,  13324,  15401,  17726, 
	 18975,  20886,  22652,  25379,  27296, 
	  5570,   8180,  10321,  11588,  13047, 
	 16219,  17490,  20836,  25720,  26896, 
	  2414,   3779,   7046,   8319,  11580, 
	 14688,  17216,  21491,  23693,  27114, 
	  2690,   3698,   5151,   8296,  10219, 
	 13132,  20147,  21636,  25243,  26787, 
	  5315,   8280,  10650,  11727,  14942, 
	 17085,  19723,  21991,  25421,  26791, 
	  4667,   6432,   8439,   9596,  11411, 
	 16835,  19694,  21444,  25825,  28356, 
	  3014,   6429,   8476,   9492,  11947, 
	 14042,  18133,  20709,  23524,  27268, 
	  1278,   4642,   6104,   8321,   9790, 
	 12694,  18610,  21286,  24580,  28243, 
	  6582,  11088,  13641,  14795,  16631, 
	 18820,  20992,  22872,  25540,  26679, 
	  5505,   8862,  10052,  11870,  14177, 
	 16171,  19360,  21266,  24475,  26770, 
	  4023,   6771,   8114,   9614,  11229, 
	 15095,  20744,  23584,  27162,  28517, 
	  3679,   4308,   5979,   7638,   9166, 
	 14421,  21276,  26009,  27725,  28539, 
	  4921,   7846,  11553,  13849,  16142, 
	 19009,  23167,  24855,  26845,  27899, 
	  4935,   6681,   7162,   8990,  11140, 
	 18907,  20309,  24464,  28719,  29230, 
	  6740,   8406,   9191,  11936,  13427, 
	 15693,  21403,  23323,  24592,  26081, 
	  5167,   6568,   8191,   9641,  11547, 
	 14556,  20747,  22312,  25374,  28676, 
	  4170,   9471,  14871,  15915,  18694, 
	 21011,  22192,  23878,  26969,  27823, 
	  5455,  10717,  12554,  13941,  15830, 
	 17856,  21587,  23817,  25979,  27468, 
	  1918,   3030,   6510,   9039,  14698, 
	 16910,  18445,  21157,  24152,  26391, 
	  1575,   2223,   4035,   7806,  13615, 
	 14564,  18430,  20789,  25451,  27999, 
	  4312,   6057,   9386,  12879,  17488, 
	 18272,  19676,  22389,  25051,  26155, 
	  2336,   3411,   5632,  11534,  16847, 
	 18321,  19686,  21902,  24637,  28339, 
	  4517,   5500,   9281,  11913,  14009, 
	 15419,  17229,  23141,  24857,  26772, 
	  2792,   3406,   6782,  11511,  12669, 
	 13635,  14655,  21441,  25348,  27439, 
	  4813,   6716,  14088,  16191,  17988, 
	 18698,  21990,  23526,  25133,  26769, 
	  3370,   5285,  12122,  14437,  15470, 
	 15939,  18488,  23259,  24299,  27639, 
	  2822,   4103,   6465,  11558,  16322, 
	 18882,  20386,  22723,  24691,  26534, 
	  1691,   2740,   3719,   8877,  13798, 
	 15225,  19719,  21679,  25638,  29135, 
	  3581,   5614,  10687,  13876,  18466, 
	 20200,  22398,  23891,  25928,  27682, 
	  1294,   2145,   6202,  12685,  15782, 
	 19136,  22619,  25078,  26943,  28174, 
	  3806,   5685,  11608,  14837,  15633, 
	 16303,  19846,  23820,  25123,  26996, 
	  3164,   4739,   9237,  13348,  14258, 
	 15550,  17197,  23037,  24911,  27400, 
	  4474,   6487,  13365,  15856,  17491, 
	 20373,  23374,  24211,  25582,  27739, 
	  4121,   5836,  11979,  15070,  16824, 
	 18239,  22553,  23966,  25575,  27385, 
	  4693,   6569,   8965,   9667,  12907, 
	 18162,  20870,  22188,  25135,  26180, 
	  4288,   5340,   7408,   9759,  14832, 
	 16014,  19342,  22400,  25134,  27855, 
	  4730,   7810,  12020,  13328,  17822, 
	 19682,  22754,  24104,  25808,  26878, 
	  3177,   5512,   8526,  12441,  17792, 
	 18866,  23078,  25528,  26841,  28771, 
	  5727,   6902,  11615,  13787,  15440, 
	 17707,  20395,  21336,  23780,  25809, 
	  4789,   6317,   8842,  11732,  14083, 
	 15086,  19075,  21976,  24058,  27388, 
	  5117,   8898,  13553,  17115,  18776, 
	 20771,  22969,  24847,  26548,  27460, 
	  2352,   9336,  12606,  14760,  17803, 
	 20079,  22024,  23465,  25724,  27793, 
	  5209,   5917,   9397,  10541,  13931, 
	 19516,  22678,  23917,  25514,  27253, 
	  4230,   5405,   8969,  10569,  14140, 
	 17954,  21425,  24913,  26595,  27844, 
	  3433,   6999,  11765,  15408,  17228, 
	 22831,  24713,  25857,  27111,  28193, 
	  3178,   5013,   9443,  12415,  16816, 
	 20656,  22055,  25507,  28693,  29535, 
	  4790,   7184,  12954,  14948,  18388, 
	 20033,  22649,  24359,  25746,  27077, 
	  4790,   6988,  10520,  12713,  16617, 
	 18591,  21233,  23453,  25932,  27212, 
	  4897,   8674,  13705,  16054,  18925, 
	 21087,  24060,  25123,  26874,  27914, 
	  5163,   8222,  13014,  14851,  17450, 
	 20523,  22843,  24650,  26752,  27849