2910,  4036,  5205,  8031, 15051,
	17572, 19772, 22452, 25344, 27596,

	 3971,  5246,  6747, 10968, 15403,
	17172, 19955, 22653, 25488, 28001,

	 3579,  4768,  6012,  8872, 14107,
	15996, 18535, 21837, 24480, 27018,

	 2868,  5690,  7741, 11292, 13987,
	16723, 19767, 22631, 25905, 28187,

	 2206,  3179,  4561,  6438, 11447,
	15567, 19009, 21678, 24576, 27261,

	 3433,  5086,  6965,  9145, 14592,
	18286, 20477, 22774, 26011, 27722,

	 2940,  4014,  5244,  8336, 13374,
	15241, 18278, 20733, 23875, 27866,

	 2810,  3873,  5951, 10317, 12272,
	15495, 20206, 22235, 25888, 28014,

	 2744,  3727,  4914,  7878, 14415,
	17247, 19494, 22169, 24868, 27192,

	 3621,  4537,  6531, 10695, 15284,
	16988, 19955, 22364, 25396, 27879,

	 3070,  4208,  5510,  8252, 13749,
	15533, 18419, 21141, 24648, 27589,

	 2809,  4932,  6609, 11096, 14223,
	16013, 20213, 22487, 25924, 28286,

	 2112,  3393,  4868,  6806,  8637,
	15701, 19172, 21896, 26211, 28086,

	 2395,  3519,  5035,  6723, 11068,
	16836, 19632, 22075, 25350, 27524,

	 2444,  3719,  4737,  7414, 12511,
	14090, 16788, 21129, 24138, 27056,

	 2760,  3950,  5248,  8185, 10579,
	12554, 18360, 20925, 24010, 27541,

	 2114,  3607,  5783,  8095, 14294,
	16603, 19438, 22022, 25549, 27786,

	 3863,  5082,  6292,  8871, 14349,
	16367, 18789, 22474, 25253, 27297,

	 3000,  4070,  5508,  9548, 11854,
	13827, 18799, 20866, 26372, 28485,

	 4186,  5542,  6773,  9292, 11490,
	13467, 19303, 21849, 24673, 27602,

	 2095,  3172,  4698,  6438,  8735,
	14399, 18540, 21684, 25684, 28319,

	 3097,  4108,  5770,  7515,  9529,
	16624, 19461, 21961, 25994, 27742,

	 2982,  4060,  5913,  8138, 10036,
	11983, 14254, 21484, 26254, 28118,

	 3807,  5010,  6296,  8307,  9999,
	13078, 19990, 22166, 25826, 28083,

	 2477,  3908,  4953,  7590, 12855,
	14820, 17118, 21358, 24931, 26775,

	 3525,  4569,  6325,  8498, 10339,
	15695, 18941, 21162, 25394, 27238,

	 2862,  4590,  6160,  8140, 12346,
	14379, 17093, 19989, 23416, 27110,

	 3499,  5352,  6782,  8983, 10799,
	13744, 18395, 20640, 25203, 27530,

	 2454,  3663,  4935,  6861,  8526,
	12681, 18675, 21449, 25443, 28215,

	 2691,  3792,  5116,  7086,  8754,
	12679, 20264, 22495, 25841, 28191,

	 2660,  3838,  5417,  7886,  9689,
	11978, 14265, 20074, 25258, 27607,

	 2855,  4074,  5448,  7595,  9440,
	11338, 18075, 22929, 25751, 27891,

	 2315,  3275,  4916, 11148, 17233,
	18731, 21207, 23549, 26422, 28402,

	 3380,  5376,  9120, 13496, 16838,
	18943, 21832, 23907, 26404, 28548,

	 2556,  3479,  5549, 12925, 15308,
	17063, 19953, 22107, 26334, 27928,

	 3439,  5547,  8355, 12269, 14381,
	17464, 21140, 23793, 27102, 28939,

	 2126,  3159,  4543,  7683, 16350,
	19019, 21007, 23236, 25732, 27998,

	 2128,  3046,  5025, 10368, 16485,
	18132, 20889, 23004, 26115, 28284,

	 1857,  2863,  4981, 10591, 12651,
	15309, 19566, 21690, 25740, 28160,

	 3024,  4188,  6180, 10810, 13908,
	15703, 20048, 22370, 26033, 28230,

	 2068,  3123,  4791,  9502, 15553,
	17329, 19907, 22141, 25523, 27900,

	 2617,  3575,  7076, 13782, 16065,
	18051, 21035, 23263, 26374, 28034,

	 2719,  3656,  5414, 10877, 13878,
	15571, 18675, 20649, 26325, 28234,

	 3278,  4603,  7654, 11126, 13292,
	16491, 19576, 22684, 25644, 27964,

	 1988,  3090,  4280,  6938, 14433,
	18625, 20850, 22905, 25447, 27459,

	 1799,  2957,  4491,  8916, 15159,
	16963, 19777, 21999, 25630, 28265,

	 2193,  3376,  4618,  8768, 12012,
	13872, 18321, 20963, 24390, 26989,

	 2301,  3413,  4902,  9301, 12671,
	14293, 20049, 22605, 25323, 28068,

	 2147,  3130,  5378, 12078, 15076,
	16805, 19697, 21948, 25938, 27770,

	 2140,  4356,  7966, 11793, 15264,
	17514, 20531, 22884, 26248, 28562,

	 2783,  3716,  6154, 11386, 13400,
	15284, 17808, 20917, 25114, 26814,

	 2798,  5422,  8333, 11423, 13626,
	15730, 18048, 20877, 24484, 27012,

	 1885,  2815,  4516,  7044, 12947,
	15009, 18358, 21439, 24881, 28045,

	 1925,  2989,  5648,  8435, 13647,
	15966, 19220, 21696, 25146, 27765,

	 2531,  3683,  5438,  9380, 11075,
	13092, 15174, 20106, 24280, 26648,

	 2113,  3788,  6072,  8619, 11127,
	13289, 19264, 21920, 25336, 27964,

	 2013,  3081,  4714,  7553, 13684,
	15591, 18578, 21371, 24620, 26710,

	 2031,  3106,  5292, 10700, 12470,
	16463, 19441, 21946, 26808, 28513,

	 2069,  3257,  5978,  8950, 12626,
	15005, 17801, 19930, 23458, 27470,

	 2406,  3712,  7803, 10258, 12486,
	15192, 18353, 20720, 24417, 27298,

	 1596,  2483,  4293,  7258, 12068,
	15724, 19299, 21446, 25172, 28542,

	 1814,  2784,  5020,  7981, 10619,
	14769, 18359, 21730, 25354, 28089,

	 2838,  3915,  5406,  8591, 10828,
	12784, 15244, 17514, 24811, 27507,

	 2514,  3703,  4967,  7848, 10413,
	12285, 17765, 20566, 24103, 27662,

	 3011,  4820,  7760, 11483, 14009,
	17169, 20726, 23570, 27098, 28999,

	 4331,  6717, 10490, 13414, 16931,
	20102, 23140, 25351, 27617, 29154,

	 4466,  5483,  7451, 11855, 14133,
	16200, 19701, 21940, 25067, 27643,

	 4114,  6190,  9325, 12196, 15238,
	18587, 21736, 24507, 27357, 29145,

	 2444,  3505,  4738,  9337, 12506,
	14311, 18436, 20939, 23913, 27807,

	 2174,  5564,  7514, 10343, 14565,
	17247, 20421, 23312, 26396, 28468,

	 3760,  4843,  6333,  9923, 12101,
	14187, 17345, 19562, 24925, 27185,

	 3813,  4978,  6367, 10915, 13153,
	15207, 19275, 21224, 25416, 27700,

	 2966,  4015,  6111, 10404, 12225,
	16869, 20004, 22532, 26443, 28149,

	 3450,  5165,  8427, 11722, 15265,
	18616, 21730, 24039, 27100, 28862,

	 3520,  4585,  6209, 10559, 12929,
	14971, 19037, 21264, 24926, 27179,

	 3960,  5454,  7489,  9725, 14173,
	17700, 20792, 23212, 26337, 28245,

	 2057,  3278,  5597,  8257, 10507,
	13290, 18152, 20962, 25500, 27995,

	 2625,  3642,  5492,  8903, 12596,
	14413, 20683, 22988, 25912, 28294,

	 3485,  4638,  6139,  9555, 12012,
	13920, 16993, 19170, 23653, 26098,

	 2638,  3837,  5311,  9499, 11439,
	13952, 18809, 20638, 26215, 28304,

	 2627,  4883,  7861,  9984, 12959,
	16077, 19545, 22189, 26302, 28501,

	 4747,  6582,  9225, 11697, 14766,
	17062, 20606, 23413, 26486, 28707,

	 4514,  5819,  7717, 10224, 12501,
	14633, 17710, 20995, 25165, 27553,

	 4995,  6397,  8034, 10412, 12705,
	15108, 19183, 21527, 25358, 28050,

	 3023,  4447,  5718,  7883,  9711,
	13259, 16762, 19082, 24542, 27108,

	 3310,  4572,  6649,  8279, 11969,
	16507, 19267, 21992, 25566, 27625,

	 3829,  4952,  6647,  8767, 10983,
	13328, 16207, 20081, 23527, 26041,

	 3959,  5069,  6377,  8985, 11280,
	13066, 18772, 21505, 24369, 27603,

	 3108,  4274,  5982,  8478, 10278,
	15405, 18232, 20776, 24800, 26789,

	 3968,  5055,  6880,  9361, 11544,
	16408, 19621, 21956, 25620, 27596,

	 3105,  5000,  6371,  8456, 12506,
	14381, 17177, 21003, 23960, 26644,

	 4259,  5623,  7290,  9195, 11099,
	14103, 18674, 21114, 25794, 27994,

	 2686,  3940,  5086,  7317,  9132,
	11383, 17206, 21636, 25055, 27679,

	 2909,  3962,  5547,  7205,  9046,
	15288, 18674, 21150, 25761, 27604,

	 3229,  4815,  6417,  8509, 10802,
	12818, 16562, 19538, 23077, 26949,

	 3434,  4656,  6019,  8050,  9697,
	12466, 19753, 21990, 25419, 27912,

	 1778,  3625,  9567, 13099, 15921,
	19188, 22562, 24771, 27595, 29167,

	 4494,  7668, 12699, 15249, 18000,
	20113, 22366, 24290, 26567, 28442,

	 3517,  5324, 10169, 13318, 15179,
	17729, 20399, 22760, 26214, 28303,

	 4343,  6285, 10069, 14074, 17027,
	19321, 22068, 24274, 26783, 28787,

	 1477,  2345,  6406, 10292, 13171,
	16092, 19894, 22638, 26062, 28648,

	 2974,  4056,  7637, 14121, 16956,
	18563, 21283, 23454, 26369, 28922,

	 2257,  3293,  6090, 11144, 13102,
	15302, 17802, 21172, 24843, 27110,

	 4077,  5759,  8490, 11448, 15057,
	16912, 20279, 23276, 26020, 28412,

	 1792,  2987,  6946, 11926, 14930,
	18606, 22027, 24653, 27399, 29039,

	 3353,  5919, 11960, 14687, 17413,
	19861, 21880, 23924, 26524, 28402,

	 3752,  4708,  7981, 11718, 13838,
	16191, 19717, 21771, 25526, 28178,

	 4280,  6707, 10915, 13418, 15599,
	17841, 20377, 23061, 26538, 28636,

	 1765,  2695,  4767,  8167, 12257,
	16102, 19322, 21602, 24767, 28136,

	 1732,  2753,  6935, 10613, 13350,
	17031, 19953, 22815, 26310, 28612,

	 2469,  3520,  5111,  9990, 13711,
	15338, 18257, 20465, 25359, 27249,

	 1866,  5073,  7403,  9717, 12181,
	15415, 19734, 22162, 25803, 28225,

	 2023,  3364,  7893, 10952, 14790,
	17265, 20433, 22675, 25969, 28341,

	 2548,  5706,  9821, 13658, 16458,
	19685, 22895, 25421, 27500, 29110,

	 3082,  3992,  7841, 10600, 12636,
	15846, 18677, 21330, 24744, 26843,

	 3445,  6412,  9485, 11546, 14174,
	16683, 20829, 24091, 26993, 28970,

	 1863,  2902,  5291,  9044, 11936,
	14214, 17579, 19940, 24521, 27843,

	 2441,  4143,  6587, 10078, 14601,
	17142, 20737, 23034, 26283, 28507,

	 2964,  3948,  6183,  9486, 11254,
	13135, 15342, 21279, 25231, 27215,

	 2975,  5363,  6972,  9845, 12491,
	14463, 17975, 21815, 25354, 27627,

	 2006,  3101,  6711,  8716, 11385,
	15781, 18588, 20931, 25884, 28200,

	 2375,  5561,  8964, 11289, 13677,
	17421, 20864, 24076, 27441, 29199,

	 2385,  4948,  6608,  9390, 12230,
	14240, 17902, 20747, 24893, 27545,

	 3911,  5825,  9180, 11470, 13539,
	15797, 18689, 21521, 25538, 28142,

	 1621,  2602,  4600,  8226, 10421,
	14637, 18595, 21103, 25019, 28147,

	 1719,  2770,  6086,  8277, 10888,
	15839, 18630, 20896, 24515, 28170,

	 3044,  4240,  5732,  8657, 11141,
	12952, 15533, 17516, 24432, 27742,

	 3452,  4632,  6006,  8086,  9740,
	13060, 16721, 18846, 26023, 27989,

	   -8,   -94,    19,  -114,  -568,
	  309,  -593, -1303, -2783, -1245,

	 -406,  -378,  -639,  -350,   714,
	   56,  -690, -1388,   940,   696,

	 -530,  -607,  -805,   604,    68,
	   -3,  -570,  -799,  -931,  -595,

	 -627,  -851,  1333,  1198,   294,
	 -442, -1354,  -463,  -250,  -168,

	  649,   572,   348,   -70,  -339,
	 -719, -1409, -2106, -1685,  -480,

	  381,   268,   134,   721,   147,
	 -256, -1300, -1725,   416,    -8,

	 -203,   736,   492,  -382,  -725,
	-1014,  -809,  -864,  -405,  -227,

	  100,   -88,   413,   928,   366,
	   65,  -669, -1194, -2206, -1648,

	 -152,  -236,  -881,  -449,  1549,
	 1084,   -57,  -570,  -772,   -55,

	 -465,  -589,  -428,  1586,  1063,
	  508,  -585, -1164,   525,    91,

	 -496,  -640,  -523,   530,  -207,
	  693,   603,    98,  1225,   660,

	 -123,  -255,    32,  1306,   765,
	  481,  -336,   714,  1080,   467,

	  158,   239,  -154,  -801,   519,
	  -85,  -852, -1442, -1735,  -146,

	  357,   157,   470,   955,   646,
	  214,  -645, -1327,  1164,   656,

	 -659,    57,    86,  -168,  1007,
	  532,  -164,  -339,   335,   223,

	  124,   -93,   749,  1528,  1238,
	  870,   -86,  -571, -1301, -1211,

	 -186,  -371,   358,   174,  -418,
	 1082,   211,   330,  -358,  -661,

	 -281,  -308,  -411,  -178,   751,
	  143,   533,    98, -1013,  -880,

	 -184,  -362,   533,   266,  -469,
	  -46,  1135,   516,   588,   325,

	 -447,  -430,  1183,   298,  -542,
	 -994,  -384,   161,   458,   380,

	  631,   493,   468,   153,  -438,
	  514,  -331,  -936,  -213,  -600,

	  211,   255,  1023,   521,   418,
	 -226,  -797,  -179,  -342,  -368,

	 -370,   843,   688,   614,   409,
	   71,   401,    57,   -70,   -68,

	  500,  1497,  1308,   490,   245,
	 -257,  -785,  -639,  -319,  -112,

	  407,   233,   550,     7,  -401,
	 1542,   871,   114, -1311, -1405,

	  -82,   -85,  -423,  -840,  1741,
	 1554,   674,   462,   -39,   -91,

	  298,   178,   347,    20,  -345,
	 1890,  1316,  1262,  1118,   435,

	 -242,  -320,  -291,   778,   486,
	   22,  1698,  1129,  1296,   892,

	 1001,   991,   886,   551,   484,
	  328,   357,    74,  -418,  -316,

	  595,   565,   139,   213,  1557,
	 1171,   436,    22,  -483,  -183,

	  212,   263,  -147,  1062,   336,
	 1162,   662,   -47,   934,   360,

	  467,   309,  1086,  1109,   620,
	 1136,   970,   835,   835,   352,

	  181,   173,  -279,  -767, -1272,
	-1593,   164,  -193,  -940,    93,

	 -212,  -294,  -505, -1330,  -214,
	 -804, -1161,   779,   -11,   -62,

	 -255,  -409,  -554, -1318, -1435,
	-1845,  -506,     8,   138,   397,

	 -708,  -888,  -144,  -590,   -61,
	   66,  -711,   222,   103,   183,

	  146,   126,  -300,   -72,  -842,
	-1186,  -776, -1607,   624,   371,

	 -160,  -247,  -243,   147,  -402,
	 -955, -2101, -2189,  1144,   640,

	 -156,    36,   177,  -395,  -630,
	-1320, -1299,  2054,  1244,   436,

	 -136,  -307,    47,  -159,  -725,
	 -958, -1938,  -639,  -879,  -650,

	 -276,  -361,  -611, -1105, -1547,
	   57,   674,   209,   629,   228,

	 -708,  -987, -1218, -1229,  -149,
	 -688,    22,   305,   283,   464,

	 -577,  -682,  -451,  -221,  -823,
	-1409,   436,  -106,    79,   382,

	 -420,  -650, -1159,    14,   471,
	 -434,   172,   567,   400,   308,

	 -215,  -182,  -476,  -818, -1237,
	 -186,  -983, -1237,  -877,  -695,

	  166,    33,  -234,   -96,  -220,
	 -542,  -487,  -499,  -302,  -155,

	 -265,    54,  -689,  -340,  -350,
	 -667,   433,  -355,   590,   561,

	   45,  -122,  -341,   846,   118,
	 -527,   827,   244,  -833,  -269,

	  265,   151,   -47,  -609, -1252,
	-1671,  1687,  1798,   668,   501,

	  154,   315,    -7,  -450,  -399,
	-1064,   877,  1198,  -352,   106,

	   -6,   -81,   -48,  -303,  -924,
	  208,  2529,  1899,  1214,   632,

	 -611,   -57,   375,    49,   542,
	   34,  1211,  1589,   656,   398,

	  546,   446,   228,    18,  -640,
	-1114,   687,   -21,  -111,    52,

	  361,   155,   257,    49,  -434,
	 -274, -1158,   961,   480,    27,

	  628,   806,   592,  -194,  -418,
	-1139,  -836,   958,  -125,  -161,

	 -202,   608,   487,  -374,   372,
	 -148,  -225,   754,  -182,  -121,

	   25,  -146,  -326, -1216, -1352,
	 1458,   869,   280,  -444,  -600,

	 -365,  -566,  -772, -1272,   651,
	  453,   814,  1319,   763,   397,

	   70,  -134,  -167,  -980,  -879,
	 2814,  2541,  1830,  1001,   258,

	 -611,  -808,  -685,  1285,  1415,
	 1091,   962,   898,   608,   321,

	  828,   824,   532,   210,  -418,
	  216,   -29,   -33,  1159,   593,

	  227,   117,  -326,  -878,   757,
	  387,  -564,   702,  -474,  -522,

	  590,   523,    -6,  -113,   215,
	 -290,  1097,   599,   849,   646,

	  175,   121,   295,   287,  1438,
	  894,   456,   397,   666,   445,

	  270,   106,  -634,    28,   173,
	 -151,    70,  -265,   651,   468,

	  164,   179,  -285,   654,   351,
	  305,   435,  -100, -1006,  -503,

	  119,   -45,    67,  -413,  -591,
	  813,   -69,  -748,   619,   245,

	  380,   260,   113,    26,  -496,
	  792,   251,  -289,  -446,  -681,

	  -51,  -206,  -391,  -498,   677,
	  296,   532,   679,   595,   396,

	 -237,   206,  -267,   296,   119,
	 -512,   810,   336,   531,   534,

	   -6,  -171,    43,   -39,  -569,
	 1031,   360,   529,   591,   167,

	  211,   321,  -233,  -194,  -589,
	  659,   506,   230,   657,   206,

	 -173,     8,  -445,     8,   389,
	  647,   344,   193,  -505,  -433,

	 -157,  -282,   131,   238,   704,
	  547,   441,   -77,   380,   328,

	 -116,  -232,   203,  -567,    14,
	  923,   294,   -36,  -714,  -527,

	  268,   142,   519,   108,    64,
	  264,   269,  -333, -1306,  -709,

	  229,    17,  -331,  -701,   375,
	  216,  -305,   753,  -123,  -223,

	 -850,   253,   188,    27,   -88,
	  211,   267,   122,   513,   297,

	 -111,  -273,    64,  -267,  -563,
	 -122,  -112,  -549, -1267,  -288,

	 -501,  -491,   849,   321,   310,
	  451,   324,  -100,  -158,   -36,

	  266,   128,    15,   440,   598,
	  340,  -531,   -57,   148,   -81,

	   94,    49,   140,   121,    53,
	 -164,  -460, -1098, -1758,  -486,

	  357,   156,   452,   -31,  -305,
	  506,  -405,   935,   569,   176,

	  307,   232,   129,  -229,   -53,
	 -161,  -543,  -253, -1203,  -985,

	    9,   -33,  -117, -1047,   631,
	  371,   240,  -127,    71,   119,

	  367,   250,   -53,  -783,   220,
	 -125,  -209,  -387,   -23,   323,

	  -81,    20,     9,  -537,   169,
	 -122,  -958,   757,   700,   198,

	  407,   536,    79,   149,  -115,
	  -47,  -315,  -222,   482,   135,

	 -133,  -280,     0,   459,   384,
	  248,  -229,   766,  -464,  -445,

	  -32,  -237,  -429,   647,   567,
	  117,    78,  -534,   170,   307,

	   38,  -203,   883,   356,    -9,
	  -32,  -523,   176,  -296,  -266,

	   18,  -238,   447,   771,   545,
	  303,    13,  -510,  -713,  -236,

	  -94,  -172,  -152,  -518,   671,
	  243,  -417,  -850,  -606,  -204,

	 -169,   192,   222,  -203,   578,
	  220,  -257,  -713,   693,   576,

	 -408,   -27,   329,  -152,   177,
	 -482,  -141,  -182,  -828,  -407,

	 -467,   508,   299,   455,    53,
	   52,  -111,  -432,  -453,  -447,

	   51,    45,  -248,  -344,   165,
	 -323,   443,  -135, -1664,   167,

	 -287,    42,  -420,   188,  -230,
	 -192,   263,  -146,  -999, -1316,

	  204,   108,    96,  -626,   -32,
	 -181,   654,   415,  -670,  -442,

	  335,   273,    30,   105,  -375,
	 -560,   755,   387,  -292,  -152,

	 -113,  -242,  -131,  -250,  -174,
	 -129,  1078,   835,   194,   225,

	 -163,  -146,  -201,  -163,  -485,
	-1003,   587,   175,   360,   343,

	  114,  -111,     0,  -390,  -457,
	 -459,   515,   -19,  1165,   859,

	  330,   189,   225,  -339,  -454,
	 -476,    66,  -505,   424,   273,

	   70,   -20,  -247,   644,   251,
	  504,   248,   905,   825,   436,

	 -164,  -117,   -75,  1045,   -34,
	 -223,   506,   178,   182,   125,

	  -12,   445,   305,  -146,   348,
	  228,   497,   491,   117,   -45,

	  109,  -119,   466,   323,   208,
	   92,   790,   517,  -235,   -95,

	  133,   119,   -75,   -73,  -223,
	 -400,   322,  1588,   719,   328,

	 -384,  -437,    78,     5,  -413,
	  -13,   -60,   467,   440,   164,

	 -299,   306,   224,  -249,  -764,
	 -163,  -141,    -6,   120,     7,

	  -10,  -109,   766,   -12,  -246,
	 -393,   125,   548,   567,   357,

	   87,   203,  -493,  -398,  -311,
	 -251,  -336,  -380,  -275,  -373,

	  117,    23,    15,   146,  -301,
	-1080,    -4,  -457,  -593,  -255,

	  224,    63,   222,   -45,  -297,
	 -627, -1057,   711,   369,    52,

	  420,   208,   123,   595,    -1,
	 -274,  -364,   551,  -332,  -359,

	 -205,  -453,  -167,  -483,   325,
	 -244,   191,  -238,  -122,   132,

	 -196,  -276,    62,  -234,   -76,
	 -508,  -459,  -995,   683,   494,

	  225,    62,     3,   -37,  -173,
	 -336,  -854, -1241,  1407,   904,

	  279,   122,   478,   321,    22,
	 -262,  -274,  -835,   266,   269,

	 -106,  -245,  -698,    56,  -383,
	  301,   354,    71,   -71,   -65,

	 -343,    11,  -426,   598,    40,
	 -146,  -423,  -577,   144,   -84,

	  -99,   -91,  -362,   246,  -320,
	  -22,  -981,   595,  -408,  -530,

	   71,  -133,     7,   404,  -277,
	  373,   -72,  -555,  -777,  -902,

	 -102,  -230,  -541,   160,    23,
	 -562,  -711,   750,   526,   344,

	 -153,  -333,  -104,    52,  -151,
	  189,  -491,  -166,  1822,  1116,

	 -537,   172,    82,   223,   104,
	 -315,  -836,   805,   456,   110,

	  253,   168,    47,   483,   205,
	   92,   344,  -343,  1315,   886,

	  114,  -161,   166,   -10,  -196,
	  454,  -273,   -58,  -628,  -545,

	 -182,  -279,   170,  -115,   232,
	 -212,  -356,   131,   381,   284,

	  -81,   115,    17,   504,    95,
	 -167,  -460,   105,  -201,  -168,

	 -527,   -21,    77,   -13,   -90,
	   16,    29,   156,  -236,  -141,

	   15,  -152,   321,   159,   368,
	   46,   -27,   249,  -429,  -342,

	  183,   -71,   294,  -217,   214,
	 -335,    39,  -404,    65,   249,

	  146,   -32,   365,   326,   -30,
	  -68,  -290,   -92,   663,   448,

	   65,  -261,   140,   304,   144,
	  -95,   276,  -150,   490,   298,

	  -98,  -200,   464,   -95,  -259,
	   30,  -166,  -260,    80,    -9,

	 -114,  -288,  -156,   144,  -232,
	  -33,    60,  -242,  -360,  -651,

	   90,   156,   235,    71,   337,
	   81,  -293,  -469,    59,   154,

	  -95,    -1,    -2,   138,   343,
	  126,  -145,  -377,  -927,    32,

	   36,  -113,   213,    30,  -108,
	 -448,  -210,   -66,  -837,  -740,

	  250,    20,   -68,  -121,   171,
	 -346,   362,    -8,  -705,  -244,

	  170,   -47,   -82,   284,   -14,
	  -45,  -471,  -529,  -288,  -298,

	   43,   -62,  -348,   205,   129,
	   51,   179,    46,  -856,  -427,

	  204,    28,   115,  -294,   284,
	  466,   145,   -24,  -531,  -382,

	 -165,   266,   -67,  -306,   126,
	   45,  -329,   408,  -248,  -232,

	   27,   190,  -199,   -45,  -382,
	  597,    31,  -110,  -225,  -319,

	 -295,   278,   -86,   228,    61,
	  189,   337,   -46,  -467,  -315,

	  340,   278,   136,    96,    10,
	   92,    20,   -17,  -168,  -169,

	 -285,   363,   150,   -77,    56,
	 -231,  -164,  -295,  -458,  -267,

	  182,   -38,   -53,   157,   109,
	  412,   283,  -518,  -201,   148,

	 -191,    95,   308,   105,   -77,
	  -91,   444,  -413,    98,   113,

	  -60,  -252,   154,  -446,   328,
	  185,    73,   -93,    15,   138,

	   17,  -141,  -186,  -236,  -173,
	 -109,   195,   578,  -305,  -426,

	  125,   144,  -343,   -37,   435,
	  138,  -106,  -104,   -57,   -17,

	  -40,   -83,  -193,  -188,   455,
	  216,   532,    63,   -46,  -150,

	  144,    77,   324,   195,    15,
	 -442,   229,   291,  -237,    -9,

	  -56,    34,   158,  -195,  -323,
	  160,   435,    70,  -689,  -114,

	  245,    65,  -162,   369,    67,
	 -320,   247,  -280,   145,   194,

	  119,   -48,   -46,   230,  -301,
	 -211,   655,   100,   -81,   -60,

	  -44,  -218,  -106,   130,    23,
	  243,  -636,   242,    26,  -222,

	   34,    -4,   -78,  -241,   -72,
	 -126,  -715,   274,   669,   356,

	   57,    45,  -278,   457,    28,
	  336,  -131,    13,   433,   131,

	 -318,   148,  -300,  -121,   119,
	    0,     6,  -243,   521,   356,

	  138,   -68,   -32,   119,   396,
	   73,  -188,   613,   418,   217,

	  139,    26,    -2,  -129,   248,
	 -504,  -246,   485,   -68,   -36,

	 -159,  -160,    88,   446,   -44,
	 -170,   156,   505,   220,   157,

	 -238,   -27,   -75,   142,   205,
	 -483,   443,   -98,  -173,    22,

	 -127,  -177,   -35,  -102,  -135,
	  608,   279,    -5,   425,   186,

	  129,   -90,  -173,  -114,  -445,
	  112,  -249,  -303,   355,    60,

	 -243,  -112,    29,   256,   325,
	  367,   -56,  -291,   250,    36,

	 -254,    95,    70,  -270,  -107,
	  414,  -189,  -421,     3,   -46,

	  142,   -83,   260,  -190,    73,
	  431,  -367,  -250,   536,   302,

	   63,  -104,  -280,  -378,    60,
	    2,  -214,  -269,  -565,  -228,

	 -147,   -82,    31,   203,  -176,
	   39,  -108,  -473,  1005,   640,

	  -57,   -28,  -137,   -82,    91,
	 -368,  -213,  -638,   182,   145,

	    0,   -99,    23,   357,    35,
	  525,   305,   252,  -403,  -263,

	 -203,    56,  -104,    15,  -425,
	  268,  -167,   600,   312,    80,

	  -12,   193,  -109,   268,   311,
	   48,   378,   403,    53,    28,

	 -180,   233,   198,    81,   183,
	 -116,   -17,   463,   612,   428,

	  171,    94,  -142,   159,  -195,
	  -82,  -238,   549,  -596,  -312,

	   37,    57,   250,   -10,  -382,
	 -133,  -585,   320,   -43,  -138,

	  -53,   -37,  -365,    98,   -43,
	 -262,   226,   294,   662,   491,

	  -98,   236,   -45,   266,  -312,
	 -439,   -31,    51,   239,   104,

	   75,  -130,   332,  -205,   -76,
	  276,   206,   557,   129,   -60,

	   -4,  -162,   129,  -218,  -274,
	 -555,    18,   231,   160,    55,

	  228,    26,  -147,  -437,   134,
	  146,    -7,   152,   543,   302,

	  -72,   142,   112,  -451,    27,
	 -209,   427,    79,   305,   299,

	  202,    24,   161,    91,  -416,
	  254,   318,    78,   419,    63,

	  219,    84,   168,  -312,  -333,
	 -205,   -81,  -159,  -372,  -235,

	  161,   202,   -22,  -117,  -159,
	  -70,    10,  -483,   843,   652,

	  -61,   137,  -261,  -236,  -332,
	 -231,   295,  -179,   -40,   -39