5975,   6068,   6231,   6833,   5926, 
	  7786,   6556,   7235,   7330,   8365, 
	  7546,   8739,   5680,   5672,   5679, 
	  8541,   6128,   6094,   6880,   6931, 
	  6989,   8843,   7273,   7993,   6535, 
	  6486,   6295,   7811,   7116,   7321, 
	  6785,   7907,   6779,   8384,   8471, 
	  8013,   6366,   5767,   5768,   8621, 
	  6966,   6150,   7194,   7233,   6656, 
	  9012,   7779,   7279,   5983,   6661, 
	  6688,   7515,   6888,   8465,   6954, 
	  8036,   7961,   7781,   8050,   8986, 
	  5986,   5905,   5860,   8304,   6950, 
	  6909,   7476,   7508,   7557,   9002, 
	  7954,   8139,   6496,   6499,   6487, 
	  7855,   7658,   7843,   7439,   8870, 
	  7068,   8817,   8974,   8450,   6655, 
	  5728,   5740,   8985,   7811,   6928, 
	  7532,   8016,   6667,   9017,   9008, 
	  7180,   6199,   6315,   6509,   7159, 
	  6474,   8297,   6994,   7481,   8005, 
	  8049,   7692,   8978,   6095,   6132, 
	  6193,   8088,   6694,   6623,   6964, 
	  6982,   7559,   8907,   6969,   8570, 
	  6785,   6734,   6685,   7813,   6968, 
	  7825,   7422,   7539,   7696,   8284, 
	  7944,   7928,   6497,   6106,   6187, 
	  8118,   6996,   7000,   7311,   7182, 
	  7114,   8986,   7337,   7716,   6160, 
	  6212,   7555,   6967,   6966,   8984, 
	  6973,   7795,   8323,   7819,   7800, 
	  9011,   6184,   6065,   6695,   8142, 
	  6956,   8179,   7433,   7382,   7978, 
	  8912,   7602,   9018,   6717,   6746, 
	  7217,   7756,   7499,   8056,   7517, 
	  8170,   8034,   8509,   8547,   8545, 
	  6711,   6394,   6417,   7994,   7504, 
	  7466,   7720,   7734,   7559,   8740, 
	  8346,   8143,   5777,   5910,   6109, 
	  6716,   5513,   7882,   6330,   7082, 
	  7783,   7742,   6988,   8928,   5540, 
	  5507,   5520,   8621,   5726,   5679, 
	  6676,   6619,   7517,   8980,   6856, 
	  8256,   6290,   6237,   6202,   7964, 
	  6904,   7586,   6672,   7082,   7166, 
	  8504,   7831,   8089,   6534,   5398, 
	  6590,   8943,   6624,   6591,   6965, 
	  6654,   6751,   9010,   6989,   7711, 
	  5418,   6613,   6620,   6501,   6547, 
	  8009,   5970,   7907,   8035,   7336, 
	  8141,   8977,   5645,   5705,   5822, 
	  7827,   6564,   6574,   6827,   6872, 
	  8080,   9012,   7801,   9015,   6402, 
	  6287,   6171,   8316,   7402,   7506, 
	  7443,   8154,   7419,   8589,   8899, 
	  9001,   6891,   5542,   5510,   8924, 
	  7422,   6319,   7483,   7475,   7101, 
	  8903,   8828,   7469,   5759,   5844, 
	  7906,   6032,   6007,   8793,   6813, 
	  6824,   8582,   8024,   6963,   9013, 
	  5433,   5455,   6902,   7981,   5639, 
	  8638,   6631,   6665,   8313,   9022, 
	  7036,   9023,   6967,   6209,   6968, 
	  7998,   6544,   7822,   7186,   7194, 
	  7831,   8982,   7271,   9018,   6707, 
	  5569,   6739,   8114,   6808,   6861, 
	  6942,   6983,   7295,   8953,   6976, 
	  7999,   5522,   6948,   7445,   6711, 
	  6712,   8975,   6159,   7828,   9025, 
	  7643,   7380,   8999,   5711,   5731, 
	  7526,   8445,   6679,   8171,   6973, 
	  6972,   8364,   9000,   7169,   9008, 
	  6517,   6526,   7129,   7953,   7026, 
	  8386,   7271,   7970,   8068,   9010, 
	  8142,   9025,   6641,   6278,   6608, 
	  8568,   7068,   7372,   7351,   7467, 
	  7565,   9021,   7890,   8745,   6544, 
	  6551,   6548,   7727,   6933,   7610, 
	  6989,   8022,   7529,   8171,   8312, 
	  8411,   6058,   6023,   6000,   8041, 
	  6349,   6394,   7312,   7327,   7349, 
	  8751,   7821,   7780,   6878,   6816, 
	  6659,   7816,   7562,   7559,   6895, 
	  8561,   6913,   8609,   8808,   8033, 
	  6952,   6255,   6249,   8996,   7126, 
	  7085,   7631,   7830,   6971,   9017, 
	  8208,   7210,   6572,   6725,   6522, 
	  7593,   7664,   7745,   7069,   8880, 
	  7477,   7930,   9017,   9007,   6278, 
	  6184,   6063,   8594,   7483,   6904, 
	  7486,   8097,   6994,   8988,   9018, 
	  7860,   7153,   6923,   6908,   8086, 
	  7882,   7842,   7770,   8980,   6910, 
	  9016,   9017,   8083,   7512,   6162, 
	  6212,   8914,   8054,   6960,   8042, 
	  8517,   6185,   9017,   9014,   6990, 
	  6594,   6668,   6729,   7615,   6977, 
	  8071,   7037,   7826,   8025,   8257, 
	  8087,   8626,   6514,   6421,   6413, 
	  7958,   7140,   7147,   7539,   7589, 
	  7644,   9009,   7718,   8014,   6987, 
	  6989,   6978,   7817,   7763,   7729, 
	  7359,   7798,   7175,   8179,   8147, 
	  7796,   6733,   6696,   6338,   8077, 
	  7300,   7320,   7679,   7605,   6938, 
	  9000,   8050,   7750,   6574,   6837, 
	  6957,   7458,   7842,   8172,   7352, 
	  8940,   7758,   8128,   9024,   9021, 
	  6724,   6649,   6602,   7993,   7727, 
	  7752,   7758,   7862,   7725,   9022, 
	  8378,   9005,   7155,   7140,   7132, 
	  7856,   7883,   7918,   7712,   8610, 
	  7659,   9023,   8991,   8298,   6934, 
	  6987,   6382,   8039,   8088,   7239, 
	  7844,   8134,   7024,   9024,   9020, 
	  7757,   6122,   6184,   6317,   8040, 
	  6155,   7965,   6986,   7596,   7574, 
	  8336,   8089,   8997,   5793,   5670, 
	  5602,   8730,   6442,   6419,   7122, 
	  7183,   7260,   9001,   7579,   7910, 
	  6657,   6552,   6535,   8154,   7104, 
	  7508,   6969,   7917,   6937,   8299, 
	  8222,   8141,   6991,   6079,   6053, 
	  9015,   6961,   6962,   7355,   6943, 
	  6960,   8975,   7721,   7652,   6018, 
	  7411,   6196,   7433,   7490,   8222, 
	  7011,   8998,   7770,   7432,   9018, 
	  8995,   6090,   5974,   5852,   8682, 
	  6866,   6918,   7523,   7855,   7418, 
	  9016,   9013,   9013,   6766,   6828, 
	  6878,   8323,   7786,   7729,   7664, 
	  8949,   7237,   8907,   9011,   8795, 
	  6989,   5812,   5773,   8959,   7549, 
	  6961,   7802,   7956,   6941,   9010, 
	  9014,   7554,   6070,   6114,   7229, 
	  7809,   6305,   8817,   6835,   7719, 
	  8086,   7971,   7918,   8992,   5845, 
	  5838,   6333,   8947,   6351,   8029, 
	  7303,   7384,   7698,   9012,   7479, 
	  8965,   6846,   6824,   6817,   8000, 
	  7000,   7941,   7198,   7666,   7181, 
	  8173,   8097,   8067,   6626,   6260, 
	  6240,   8318,   7111,   7110,   7438, 
	  7266,   6925,   9011,   7837,   7825, 
	  6287,   6996,   7030,   7136,   7292, 
	  8628,   6951,   8985,   8020,   7755, 
	  9018,   9017,   6386,   6479,   6683, 
	  8340,   6995,   7871,   7625,   7980, 
	  8009,   9001,   7985,   9013,   6966, 
	  7009,   7085,   7956,   7953,   7965, 
	  7471,   8662,   7514,   8359,   8984, 
	  9026,   6996,   6420,   6438,   9004, 
	  7291,   7352,   7828,   7880,   7211, 
	  8962,   8297,   8400,   5828,   5897, 
	  5978,   6473,   6483,   7658,   5812, 
	  8013,   6691,   7481,   8358,   8279, 
	  5794,   5811,   5838,   7735,   6392, 
	  6370,   6648,   7475,   6574,   8674, 
	  8287,   7632,   6202,   6173,   6155, 
	  7496,   7493,   7444,   5879,   8581, 
	  5890,   7768,   9005,   7672,   6162, 
	  6063,   5965,   8071,   7594,   6493, 
	  7309,   7566,   5540,   8876,   8676, 
	  6785,   6117,   6260,   6408,   6984, 
	  6976,   8136,   6493,   8131,   7902, 
	  7297,   8648,   8492,   5977,   5961, 
	  5957,   7196,   7281,   7357,   6450, 
	  8012,   7429,   8346,   8377,   8399, 
	  6423,   6416,   6384,   7700,   7706, 
	  7710,   6798,   8953,   6532,   7837, 
	  9011,   7833,   6254,   6410,   5639, 
	  7917,   7961,   6538,   6215,   8026, 
	  6285,   7937,   8988,   7375,   6169, 
	  6429,   6583,   6731,   6740,   7964, 
	  6598,   7671,   7666,   7746,   7680, 
	  8222,   6219,   6260,   6301,   7670, 
	  6655,   6757,   6838,   6966,   7136, 
	  8166,   7418,   8155,   6674,   6684, 
	  6689,   7576,   7560,   7536,   7186, 
	  7455,   7498,   7874,   7831,   7809, 
	  6435,   6349,   6289,   7857,   6980, 
	  6626,   7200,   7086,   6978,   8135, 
	  7815,   7592,   6335,   6442,   6927, 
	  7006,   7011,   8740,   6980,   8233, 
	  8242,   7048,   8187,   8990,   6292, 
	  6377,   6444,   7504,   6964,   7791, 
	  7049,   7342,   7631,   7789,   7742, 
	  8575,   6698,   6734,   6759,   7584, 
	  7751,   7904,   7305,   7822,   7886, 
	  7832,   8046,   8143,   6439,   6475, 
	  6519,   7601,   7268,   7144,   7224, 
	  7226,   7210,   7949,   8055,   7876, 
	  5648,   5760,   5978,   5696,   5715, 
	  8480,   5619,   6916,   6876,   7484, 
	  7502,   8687,   5429,   5416,   5441, 
	  7762,   5725,   5804,   6332,   6412, 
	  6536,   8950,   7301,   8282,   5953, 
	  5996,   6065,   7036,   7084,   7196, 
	  5754,   7858,   5846,   7800,   8227, 
	  7821,   5892,   5884,   5878,   7972, 
	  6719,   6237,   6706,   6842,   5723, 
	  8722,   7492,   7344,   5499,   6740, 
	  6123,   6293,   6321,   7905,   5517, 
	  7912,   7872,   7165,   8993,   8985, 
	  5537,   5586,   5701,   7082,   5777, 
	  7006,   5935,   7558,   7286,   8243, 
	  8455,   8952,   6077,   6295,   6080, 
	  7405,   7431,   7455,   6617,   8621, 
	  6414,   7624,   8990,   7886,   5939, 
	  5818,   5731,   7866,   6823,   5789, 
	  6327,   7592,   6271,   8195,   8560, 
	  7241,   5749,   5858,   6815,   6059, 
	  6156,   8081,   5983,   7074,   8046, 
	  7204,   7290,   8979,   5863,   6010, 
	  6167,   7339,   6064,   7301,   6619, 
	  6696,   7790,   9003,   6934,   9002, 
	  6479,   6532,   6594,   7273,   7352, 
	  7479,   7021,   7109,   7346,   7824, 
	  7732,   7976,   6263,   6313,   6363, 
	  7782,   6960,   6963,   6873,   6881, 
	  6892,   8071,   7434,   7866,   5901, 
	  6452,   6534,   6487,   6571,   8761, 
	  6277,   8918,   8958,   7019,   7762, 
	  9012,   5910,   6158,   6506,   7479, 
	  6346,   7715,   6387,   7844,   8132, 
	  7949,   7347,   8987,   6515,   6574, 
	  6767,   7476,   7605,   7876,   6913, 
	  7866,   7881,   7847,   7969,   8360, 
	  6353,   6354,   6370,   7700,   7082, 
	  7069,   6962,   7193,   7176,   8060, 
	  8025,   7999,   6319,   6302,   6284, 
	  7168,   7163,   7606,   6922,   8154, 
	  6953,   8079,   8110,   8140,   6049, 
	  6069,   6104,   7422,   6517,   6506, 
	  7010,   7366,   6979,   8295,   8196, 
	  7399,   6589,   6522,   6442,   7748, 
	  7721,   7355,   6570,   8044,   6530, 
	  8076,   8954,   7743,   6700,   6030, 
	  6018,   8054,   7480,   6995,   7381, 
	  7349,   6198,   8329,   8301,   6985, 
	  6315,   6586,   6300,   7165,   7626, 
	  7768,   6942,   8566,   7623,   7596, 
	  8994,   8932,   6151,   6100,   6076, 
	  7623,   7522,   7406,   7112,   8396, 
	  7191,   8444,   8896,   7714,   6775, 
	  6966,   6752,   7751,   7959,   7576, 
	  7128,   9001,   7134,   8160,   9002, 
	  7972,   6915,   6912,   5603,   8066, 
	  8187,   6818,   7395,   8002,   5827, 
	  8026,   9011,   6961,   6547,   6691, 
	  6832,   6958,   6958,   7942,   6958, 
	  7680,   7834,   7857,   7922,   8050, 
	  6404,   6427,   6454,   7573,   6970, 
	  6976,   7070,   7226,   7417,   8009, 
	  7755,   7985,   6951,   6949,   6947, 
	  7641,   7628,   7613,   7391,   7382, 
	  7360,   7949,   7895,   7840,   6875, 
	  6582,   6541,   7953,   7651,   7047, 
	  7289,   7279,   7269,   7902,   7885, 
	  7676,   6670,   6751,   6880,   7129, 
	  7099,   7961,   6962,   8385,   8029, 
	  7928,   8640,   8773,   6561,   6594, 
	  6622,   7773,   7398,   7332,   7440, 
	  7697,   7744,   7984,   8030,   8068, 
	  7041,   7035,   7019,   7697,   7761, 
	  7813,   7607,   7962,   7746,   8107, 
	  8260,   8037,   7016,   6935,   6583, 
	  7997,   7877,   6975,   7118,   7980, 
	  7087,   7961,   8374,   7821,   5973, 
	  6153,   6336,   6817,   6801,   7607, 
	  6325,   7579,   7427,   7734,   8287, 
	  8340,   5645,   5589,   5569,   7960, 
	  6029,   6144,   6773,   6876,   6985, 
	  8622,   7633,   7556,   6463,   6529, 
	  6040,   7525,   7383,   7341,   6630, 
	  7788,   6626,   7794,   7965,   7819, 
	  6347,   6036,   6001,   8376,   6587, 
	  6489,   6900,   7085,   5914,   8255, 
	  7961,   6959,   5678,   7118,   5812, 
	  6748,   8038,   8175,   5814,   8784, 
	  7873,   6971,   8998,   9019,   5792, 
	  5749,   5722,   7396,   7317,   7217, 
	  6542,   8381,   6753,   8004,   8891, 
	  8402,   6370,   6992,   6276,   7701, 
	  8115,   7444,   6935,   8962,   6941, 
	  7860,   8971,   8116,   6576,   6587, 
	  5441,   7904,   7981,   6086,   7120, 
	  7816,   6383,   8275,   9000,   7232, 
	  6430,   6613,   6693,   6860,   6851, 
	  7830,   6556,   7599,   8063,   7580, 
	  7811,   8990,   6185,   6207,   6229, 
	  7880,   6782,   6813,   6957,   6982, 
	  7766,   8087,   7855,   8263,   6764, 
	  6783,   6787,   7776,   7251,   7791, 
	  6928,   7401,   7411,   7713,   7844, 
	  7961,   6624,   6629,   6636,   7944, 
	  6956,   6957,   7077,   7081,   7081, 
	  7924,   7769,   7466,   6191,   6843, 
	  6852,   7132,   7226,   8207,   6672, 
	  8893,   8502,   7285,   9015,   9023, 
	  6329,   6516,   6558,   7511,   7074, 
	  7472,   6955,   7880,   7738,   8150, 
	  8196,   8254,   6978,   6907,   6827, 
	  7782,   7813,   7845,   7234,   8043, 
	  7788,   7966,   8141,   8245,   6931, 
	  6932,   6109,   7838,   7784,   6959, 
	  6962,   7703,   6959,   8005,   8094, 
	  7612