5764,   5782,   6975,   6370,   5389, 
	  7926,   6939,   7332,   8027,   8468, 
	  8136,   7304,   5473,   5487,   5569, 
	  8054,   5886,   5968,   8167,   6127, 
	  7818,   9020,   8174,   7243,   6260, 
	  7072,   6500,   8099,   8188,   7129, 
	  5901,   8835,   5793,   9027,   8095, 
	  7354,   5380,   5413,   6957,   8050, 
	  8070,   6025,   6628,   6834,   7289, 
	  8688,   7934,   8119,   6408,   6441, 
	  6607,   7197,   6480,   8341,   6074, 
	  7327,   7248,   8618,   8648,   8600, 
	  5890,   6010,   5888,   8671,   6819, 
	  6906,   7758,   7683,   7329,   8933, 
	  9025,   8834,   6408,   6710,   6839, 
	  7763,   8039,   7604,   6367,   8896, 
	  6399,   8508,   8474,   8304,   6414, 
	  5385,   6376,   7752,   7782,   6139, 
	  7049,   7111,   6799,   7023,   7931, 
	  8461,   6369,   6442,   6518,   6084, 
	  6168,   7707,   6949,   8054,   6954, 
	  8158,   7855,   8309,   6042,   6021, 
	  6030,   7425,   6429,   6464,   7434, 
	  7128,   6988,   8396,   8356,   7416, 
	  6816,   6821,   6825,   7573,   7641, 
	  7493,   7262,   7985,   6909,   8978, 
	  7010,   7941,   6413,   6344,   6265, 
	  7823,   7755,   6956,   6991,   7023, 
	  7055,   6991,   7460,   8499,   6409, 
	  7134,   7225,   6534,   6628,   8520, 
	  7218,   8312,   8036,   8726,   7711, 
	  8061,   6167,   6210,   6204,   6948, 
	  6691,   6997,   7184,   7236,   7367, 
	  8186,   7974,   8640,   6948,   6937, 
	  6865,   8062,   7422,   7810,   7797, 
	  8846,   7465,   8992,   6655,   8323, 
	  6257,   6326,   5826,   7864,   7584, 
	  7559,   7062,   7191,   7304,   6951, 
	  7680,   9010,   5484,   5571,   7651, 
	  6278,   5406,   8858,   6468,   7519, 
	  8136,   8143,   7637,   8036,   5389, 
	  5393,   5729,   8138,   5436,   6703, 
	  7975,   5445,   8768,   9022,   7825, 
	  8712,   7122,   6446,   6485,   8422, 
	  7773,   7810,   6635,   7982,   6240, 
	  9018,   7369,   7459,   5980,   6103, 
	  7190,   8420,   7004,   7543,   7132, 
	  7143,   7783,   7745,   6989,   8977, 
	  6106,   6322,   6491,   6790,   6829, 
	  8228,   5434,   7680,   7972,   7903, 
	  8163,   8279,   5794,   5778,   6363, 
	  8180,   6426,   7559,   7263,   7348, 
	  8083,   8465,   8495,   8761,   6717, 
	  6812,   6696,   7868,   7932,   7685, 
	  7155,   9010,   7039,   9024,   7745, 
	  8293,   6109,   6137,   6191,   7173, 
	  7983,   6266,   6966,   7294,   7270, 
	  7057,   8358,   8410,   6167,   6427, 
	  6679,   5420,   6985,   8415,   6565, 
	  8912,   7916,   7734,   8982,   8333, 
	  5605,   5673,   6005,   7449,   6282, 
	  6237,   7342,   6996,   8614,   8944, 
	  8370,   8476,   6720,   6794,   6881, 
	  7678,   7994,   7657,   6698,   8063, 
	  6923,   9018,   7577,   7913,   6678, 
	  6393,   6463,   8320,   7812,   6958, 
	  7028,   7096,   7224,   7346,   7718, 
	  9011,   5807,   5868,   7774,   7004, 
	  6672,   8970,   5992,   7762,   9027, 
	  8274,   8036,   8014,   5894,   5984, 
	  6155,   7186,   6741,   7098,   7128, 
	  6973,   7590,   8778,   7921,   9016, 
	  6932,   6926,   7015,   7430,   7733, 
	  8218,   7528,   8979,   8033,   9024, 
	  7116,   9023,   6389,   6543,   6368, 
	  6904,   7630,   7206,   7081,   7248, 
	  7402,   7087,   8538,   9024,   5775, 
	  5999,   7405,   5977,   6121,   8673, 
	  7303,   7589,   7953,   7868,   8023, 
	  7964,   5478,   5526,   5671,   7783, 
	  6272,   6301,   8051,   6241,   8021, 
	  9024,   8798,   7592,   6685,   6351, 
	  6675,   7878,   7784,   7534,   6311, 
	  8114,   6461,   8855,   7515,   6948, 
	  5689,   5700,   7003,   8770,   7468, 
	  6479,   7199,   6957,   7320,   8230, 
	  7380,   9021,   6503,   6590,   6835, 
	  7567,   6956,   7842,   6782,   7646, 
	  7900,   8036,   8081,   8092,   5916, 
	  6280,   5957,   8038,   7180,   7171, 
	  7235,   7480,   7403,   8552,   8965, 
	  8916,   6969,   6968,   6969,   7826, 
	  7845,   7870,   7175,   8792,   7163, 
	  8807,   7841,   7716,   6894,   6522, 
	  6912,   7993,   7437,   6954,   7265, 
	  7263,   7289,   6979,   8294,   9012, 
	  6336,   6368,   6536,   6135,   6357, 
	  8199,   6761,   8580,   7587,   7840, 
	  8163,   8106,   5870,   5856,   5942, 
	  7313,   6644,   6569,   7820,   6979, 
	  7963,   9022,   9025,   7726,   6690, 
	  6657,   6642,   7372,   7463,   7593, 
	  6835,   7612,   6906,   9025,   6295, 
	  7848,   6606,   6462,   6385,   7758, 
	  8256,   6979,   7151,   7147,   7181, 
	  7949,   7785,   8612,   5766,   6383, 
	  6493,   6658,   6862,   8549,   6604, 
	  7931,   8402,   7878,   7961,   8129, 
	  6024,   6064,   6116,   7049,   6962, 
	  6919,   7370,   7257,   7713,   8264, 
	  8972,   8087,   7019,   6982,   6957, 
	  7723,   7765,   7804,   7506,   8075, 
	  7830,   8084,   6955,   8164,   6945, 
	  6944,   5381,   7747,   7504,   6921, 
	  7302,   7354,   7395,   6966,   7933, 
	  9000,   5742,   6295,   6600,   5630, 
	  5634,   8863,   7002,   8154,   7647, 
	  7666,   7928,   7862,   5583,   5638, 
	  5731,   7561,   5600,   7031,   7381, 
	  5983,   7951,   8355,   8523,   7855, 
	  6756,   6421,   6339,   7926,   7441, 
	  7372,   5908,   8003,   5923,   8687, 
	  7185,   7175,   6341,   5556,   5565, 
	  8997,   6611,   6536,   6985,   6890, 
	  6899,   7959,   6956,   8398,   6378, 
	  6529,   6675,   7031,   6736,   7726, 
	  6662,   7803,   7836,   7936,   7951, 
	  7952,   5728,   5735,   5795,   8161, 
	  6561,   7041,   7327,   7736,   7694, 
	  8190,   9027,   9026,   6805,   6578, 
	  6418,   7887,   7965,   7473,   7447, 
	  9006,   7075,   8853,   7884,   7911, 
	  6428,   5701,   5679,   7038,   8169, 
	  5871,   7222,   7514,   6969,   6228, 
	  8777,   9028,   5750,   6206,   6611, 
	  6079,   6109,   8834,   6064,   8887, 
	  7860,   7726,   8007,   7944,   5656, 
	  5741,   5901,   7437,   6620,   6643, 
	  6701,   7209,   7761,   8532,   8811, 
	  8518,   6662,   6717,   6661,   7690, 
	  7895,   7511,   6174,   7998,   6867, 
	  9000,   6945,   8015,   6121,   6227, 
	  6125,   8052,   8377,   6713,   6895, 
	  7004,   7084,   7535,   8063,   8997, 
	  5463,   6972,   7289,   6921,   6852, 
	  8933,   5539,   8722,   8314,   8146, 
	  7974,   8057,   5711,   6004,   6192, 
	  7351,   7210,   6980,   7164,   7673, 
	  7499,   8867,   8476,   8398,   6769, 
	  7030,   7049,   7804,   7759,   8003, 
	  7307,   9002,   7792,   8911,   7380, 
	  8889,   5538,   6944,   5771,   7407, 
	  7916,   6568,   6946,   7510,   7341, 
	  6952,   9023,   9018,   6243,   6228, 
	  6235,   6381,   6188,   7524,   6360, 
	  7065,   7378,   8034,   7861,   7576, 
	  5595,   5574,   5558,   8436,   5779, 
	  5797,   8518,   6376,   8179,   9025, 
	  8311,   7146,   6591,   6329,   6230, 
	  8156,   7514,   7092,   5645,   7985, 
	  5660,   9026,   7683,   7214,   5915, 
	  6232,   6297,   8911,   6962,   6167, 
	  6925,   6699,   7570,   8531,   7369, 
	  8994,   6431,   6527,   6605,   6963, 
	  7362,   8275,   6499,   7627,   7180, 
	  8280,   8343,   8396,   6042,   5878, 
	  6014,   8305,   7019,   7260,   7184, 
	  7531,   7119,   8286,   9027,   9023, 
	  6684,   6577,   6710,   7905,   7857, 
	  7815,   7037,   8919,   6447,   9007, 
	  7982,   8360,   6889,   5647,   6690, 
	  8326,   7597,   7041,   6944,   6990, 
	  7164,   7222,   7703,   8881,   6315, 
	  6359,   6444,   6448,   6502,   7343, 
	  6674,   8667,   6781,   7919,   7872, 
	  8270,   6040,   5989,   5961,   7613, 
	  6407,   6514,   7666,   6991,   7472, 
	  8816,   8778,   7549,   6641,   6673, 
	  6696,   7480,   7454,   7420,   6936, 
	  7962,   6818,   8031,   7068,   7999, 
	  6610,   6617,   6471,   8064,   7948, 
	  6931,   7080,   7095,   7133,   6917, 
	  7419,   9011,   6062,   6955,   6943, 
	  7067,   7051,   8335,   7175,   7784, 
	  8044,   8140,   8132,   8167,   6170, 
	  6157,   6161,   7309,   6981,   6976, 
	  7478,   7454,   7631,   8249,   8269, 
	  8975,   6614,   6958,   6938,   8252, 
	  7477,   8110,   7843,   9015,   7398, 
	  9025,   6972,   8663,   6484,   6495, 
	  5393,   7774,   7726,   7156,   7154, 
	  7148,   7374,   6969,   7800,   9015, 
	  6329,   5932,   6360,   7450,   5329, 
	  8011,   6712,   7601,   8111,   8233, 
	  7934,   7856,   5384,   5357,   5369, 
	  8915,   5374,   5461,   7890,   5809, 
	  8048,   8554,   7901,   7389,   6955, 
	  6165,   6265,   8335,   7363,   7352, 
	  6430,   7715,   6546,   9022,   7017, 
	  7014,   6465,   5369,   6527,   8965, 
	  6488,   6577,   7959,   6796,   7535, 
	  7935,   6344,   8921,   6587,   6652, 
	  6946,   7102,   7129,   7973,   5989, 
	  8017,   8201,   8062,   8154,   8274, 
	  5707,   5732,   6024,   8384,   6829, 
	  6835,   7430,   7677,   7953,   8176, 
	  8583,   8777,   6906,   6844,   6728, 
	  7870,   7704,   7828,   7989,   8967, 
	  7067,   9000,   7736,   7829,   6727, 
	  5840,   5874,   8244,   7311,   6906, 
	  7453,   7431,   7139,   7137,   7611, 
	  8366,   6257,   6327,   6996,   6193, 
	  6996,   7683,   6687,   9020,   8412, 
	  8117,   9001,   7656,   5556,   5651, 
	  5835,   8329,   6685,   6626,   7749, 
	  6825,   8147,   9027,   9026,   8106, 
	  6659,   6698,   6735,   7663,   7644, 
	  7628,   6670,   7892,   6662,   9026, 
	  7396,   7870,   6664,   6664,   6293, 
	  8031,   8200,   6989,   7340,   7229, 
	  7146,   7308,   8078,   8421,   5469, 
	  6488,   6860,   6609,   6563,   8871, 
	  6750,   7715,   8169,   8171,   8306, 
	  8094,   5845,   5948,   6104,   7510, 
	  7049,   7123,   7029,   7294,   7767, 
	  8919,   8226,   9027,   6709,   6893, 
	  6882,   7342,   7965,   8049,   7749, 
	  9022,   7765,   9002,   7390,   9006, 
	  6685,   6964,   6487,   7391,   7846, 
	  7003,   7564,   8090,   7513,   7783, 
	  9022,   9018,   6105,   6212,   6322, 
	  6113,   6161,   7987,   6912,   7741, 
	  7647,   8182,   8253,   7738,   5815, 
	  5673,   5577,   8335,   6160,   6099, 
	  8286,   6961,   7764,   9019,   8948, 
	  7181,   6538,   6479,   6438,   7831, 
	  7828,   7291,   6109,   7309,   6172, 
	  9026,   7631,   7327,   6621,   5488, 
	  6647,   8861,   6801,   6621,   6993, 
	  6992,   7395,   7895,   6871,   9012, 
	  6517,   6606,   6696,   7257,   6915, 
	  7903,   6392,   8118,   7545,   8513, 
	  8102,   7866,   6125,   6158,   5936, 
	  8148,   7058,   7081,   7669,   8292, 
	  7306,   8382,   8975,   9026,   6828, 
	  6711,   6651,   7827,   7789,   7739, 
	  6958,   8906,   6979,   9011,   7501, 
	  7828,   7386,   6145,   6247,   8091, 
	  6962,   6964,   7283,   7312,   7306, 
	  7447,   7420,   8983,   6250,   6379, 
	  6454,   6649,   6590,   8042,   7228, 
	  8232,   7315,   7895,   7908,   7932, 
	  5900,   5891,   5911,   7830,   6357, 
	  6905,   7935,   7246,   7896,   8960, 
	  9024,   7810,   6603,   6630,   6657, 
	  7433,   7448,   7447,   6892,   7516, 
	  6805,   7967,   6965,   7920,   6802, 
	  6287,   6282,   7832,   7911,   7016, 
	  7309,   7349,   7452,   7222,   7204, 
	  8989,   6087,   6660,   6624,   7227, 
	  6675,   7962,   6954,   7989,   8165, 
	  8210,   7851,   8164,   6068,   6127, 
	  6163,   7352,   6787,   7000,   7391, 
	  7537,   7656,   8951,   7735,   9026, 
	  6831,   6913,   6829,   7736,   7708, 
	  7837,   7668,   8241,   7727,   8964, 
	  7080,   9023,   6644,   6865,   5630, 
	  7551,   7817,   6882,   7431,   7505, 
	  7584,   7168,   7765,   9017,   5993, 
	  6024,   6095,   6047,   5528,   7729, 
	  6553,   7206,   7498,   7856,   8354, 
	  7894,   5618,   5591,   5626,   7997, 
	  5608,   5529,   7500,   5626,   7397, 
	  8854,   7487,   7716,   6452,   6286, 
	  6335,   8038,   6983,   7846,   5647, 
	  7367,   5793,   8593,   6951,   7495, 
	  6520,   5377,   5443,   8825,   6338, 
	  6361,   7166,   6648,   6689,   7980, 
	  5834,   8663,   6320,   6454,   6741, 
	  6614,   6872,   8005,   6253,   7918, 
	  8163,   7971,   9020,   8080,   5734, 
	  5716,   5719,   8168,   6599,   6927, 
	  7366,   8012,   7335,   7933,   8932, 
	  9026,   6940,   6554,   6716,   7936, 
	  7672,   7749,   8124,   8994,   6952, 
	  9013,   7813,   7743,   6984,   5486, 
	  5516,   8148,   6993,   6546,   7272, 
	  7101,   6886,   6932,   7928,   8373, 
	  6285,   6592,   6249,   6363,   6657, 
	  8095,   6701,   8978,   7640,   8034, 
	  8345,   7956,   5651,   5717,   5811, 
	  7976,   6480,   6504,   7703,   7433, 
	  7650,   9018,   9027,   8314,   6598, 
	  6576,   6577,   7801,   7625,   7824, 
	  6285,   7456,   6360,   9026,   7335, 
	  8404,   6367,   6168,   6062,   8135, 
	  8294,   7220,   7249,   7143,   7040, 
	  7971,   7814,   9015,   5592,   6945, 
	  6660,   6957,   6951,   8614,   6597, 
	  7758,   8074,   7829,   8040,   8491, 
	  5726,   5824,   5987,   7937,   6621, 
	  7433,   6892,   7198,   7582,   9027, 
	  8270,   9026,   6769,   6941,   6738, 
	  7633,   7762,   7913,   7649,   8881, 
	  7683,   9025,   7739,   8994,   6741, 
	  6757,   6140,   7288,   8227,   6986, 
	  7442,   7608,   7404,   7589,   9020, 
	  9024,   6201,   6343,   6490,   6044, 
	  6109,   8243,   6993,   7606,   7989, 
	  8212,   8196,   7537,   5395,   5446, 
	  5471,   8286,   6599,   6336,   8081, 
	  6686,   7839,   9026,   9022,   7117, 
	  6455,   7135,   5981,   7980,   8139, 
	  7343,   5549,   8418,   6411,   9011, 
	  7838,   7061,   5456,   5626,   6863, 
	  8659,   8123,   6780,   6756,   6957, 
	  7559,   7695,   7367,   8841,   6513, 
	  6543,   6753,   7476,   7330,   8191, 
	  5972,   7669,   7570,   8406,   8483, 
	  8530,   6051,   6097,   6433,   8417, 
	  7245,   7493,   7556,   7985,   7943, 
	  8377,   9018,   9024,   6640,   6789, 
	  6755,   7813,   7944,   7771,   6895, 
	  9012,   6843,   8751,   8117,   8144, 
	  6333,   6048,   6927,   8027,   8434, 
	  6513,   7272,   7589,   7614,   7149, 
	  9024,   8927,   6393,   6433,   6461, 
	  6458,   6414,   7735,   6965,   8331, 
	  6942,   8273,   7832,   7935,   5993, 
	  6094,   5972,   7925,   6661,   6665, 
	  7956,   6993,   7588,   8743,   8178, 
	  7614,   6770,   6814,   6856,   7626, 
	  7650,   7745,   7101,   7866,   7096, 
	  9005,   7169,   8183,   6436,   6439, 
	  6131,   7924,   7751,   6983,   7072, 
	  7070,   7066,   7101,   7252,   8709, 
	  6347,   6943,   6989,   6971,   6969, 
	  8192,   6964,   7737,   7804,   8421, 
	  7697,   8222,   6202,   6206,   6237, 
	  7141,   6966,   6876,   7315,   7369, 
	  7558,   8439,   8086,   8806,   6975, 
	  6815,   6806,   8051,   7484,   7958, 
	  7762,   8551,   7668,   9023,   6931, 
	  9017,   6275,   6367,   5462,   7866, 
	  7473,   7008,   6983,   7322,   7382, 
	  7387,   8617,   8699,   5481,   5392, 
	  6556,   5638,   5606,   8487,   6318, 
	  7737,   8098,   7720,   7722,   8256, 
	  5489,   5466,   5473,   8139,   6190, 
	  6180,   7631,   6250,   8061,   8497, 
	  8732,   8056,   6949,   6298,   6561, 
	  8291,   7693,   7645,   6553,   8050, 
	  6609,   8980,   7310,   7244,   6112, 
	  5977,   6573,   8713,   7436,   7253, 
	  6970,   7014,   7248,   7688,   7488, 
	  9005,   6153,   6137,   7311,   6841, 
	  6837,   7973,   5576,   8066,   7923, 
	  7775,   8060,   8354,   5725,   6023, 
	  5929,   8272,   7127,   7102,   7151, 
	  7977,   8127,   8165,   8524,   8999, 
	  6837,   6681,   6785,   7738,   7835, 
	  7832,   7284,   8982,   7359,   9010, 
	  7798,   7988,   6438,   5992,   6033, 
	  7184,   8007,   7183,   7338,   7573, 
	  7491,   7018,   9022,   9025,   6153, 
	  6435,   6465,   6067,   7139,   8005, 
	  6963,   8847,   8041,   7998,   8440, 
	  8064,   5491,   5760,   5984,   7873, 
	  6800,   6281,   7578,   6753,   8493, 
	  8706,   8942,   8136,   6809,   6867, 
	  6926,   7734,   7830,   7739,   6837, 
	  7816,   6866,   9014,   7635,   7646, 
	  6660,   6702,   6471,   8221,   8113, 
	  6976,   7109,   7155,   7255,   7642, 
	  7849,   8972,   5401,   5642,   7997, 
	  6583,   6821,   9023,   6076,   7820, 
	  9025,   8142,   7756,   9015,   5953, 
	  6002,   6302,   7609,   6951,   6953, 
	  7178,   7290,   7587,   9024,   8037, 
	  9025,   6807,   6918,   7211,   7548, 
	  7920,   8146,   7677,   9026,   7855, 
	  9024,   7176,   9014,   6966,   6971, 
	  6630,   7719,   7974,   7480,   7354, 
	  7874,   7877,   7288,   9025,   9007, 
	  6087,   6231,   6413,   6040,   6065, 
	  8016,   7189,   7628,   7727,   7952, 
	  8001,   7710,   5544,   5578,   5654, 
	  7979,   6521,   6127,   7973,   6600, 
	  7795,   8383,   9026,   7341,   6614, 
	  6225,   6470,   7865,   7545,   7756, 
	  5713,   8013,   6700,   8771,   7559, 
	  7450,   5462,   5462,   6957,   8625, 
	  6974,   6973,   6809,   6813,   7640, 
	  7376,   7044,   9003,   6525,   6539, 
	  6570,   7238,   7232,   7958,   6539, 
	  7486,   7557,   7987,   8009,   7978, 
	  6082,   6079,   6126,   7794,   6786, 
	  6795,   6941,   7189,   7350,   8101, 
	  8981,   8416,   6934,   6933,   6930, 
	  7770,   7806,   7867,   7051,   9016, 
	  7055,   8909,   8037,   7841,   6853, 
	  6214,   6860,   7620,   7418,   7089, 
	  7031,   7070,   7158,   7033,   8027, 
	  8970,   6257,   6447,   6525,   6434, 
	  6484,   8069,   6915,   8387,   7835, 
	  7727,   7834,   8070,   5980,   5967, 
	  5953,   7705,   6607,   6637,   7811, 
	  7097,   7779,   8839,   9026,   7896, 
	  6589,   6630,   6617,   7623,   7533, 
	  7952,   7042,   7721,   7031,   8823, 
	  6188,   8350,   6552,   6186,   6205, 
	  7845,   8103,   6925,   7175,   7102, 
	  7059,   7694,   7715,   8549,   6082, 
	  6502,   6583,   6712,   6650,   8628, 
	  6820,   8149,   8042,   7963,   7881, 
	  8080,   6068,   6067,   6062,   7218, 
	  7179,   6484,   7063,   7167,   7448, 
	  8180,   8991,   8176,   6984,   6979, 
	  6912,   7848,   7617,   8235,   8069, 
	  8960,   7502,   8951,   6965,   8936, 
	  6921,   6923,   5753,   7536,   7528, 
	  6970,   7469,   7390,   7297,   7173, 
	  8444,   8481,   5714,   5891,   6139, 
	  5637,   5819,   8319,   6988,   7770, 
	  7498,   7518,   7957,   7668,   5666, 
	  5550,   5509,   7892,   5615,   5708, 
	  7136,   5890,   7304,   8043,   8987, 
	  7808,   6956,   5998,   6011,   8121, 
	  7536,   7610,   5616,   7750,   5851, 
	  8920,   7750,   6685,   6669,   5760, 
	  5763,   8840,   7380,   6161,   6543, 
	  6757,   6981,   7530,   7545,   8137, 
	  6377,   6663,   6377,   6889,   6859, 
	  7881,   6468,   8320,   7800,   8079, 
	  8032,   7978,   5756,   5778,   5735, 
	  8226,   6957,   6372,   7128,   8013, 
	  7803,   7903,   9024,   8930,   6880, 
	  6624,   6554,   7916,   7445,   7879, 
	  7654,   8896,   7212,   9023,   8000, 
	  7815,   6959,   5669,   5610,   7559, 
	  8250,   5547,   6589,   7234,   7244, 
	  6709,   8849,   8654,   6200,   6410, 
	  6325,   6631,   6720,   8144,   6922, 
	  7961,   7659,   7849,   7905,   7968, 
	  5878,   5864,   5857,   7521,   6620, 
	  6286,   7534,   7156,   7476,   8224, 
	  9017,   7827,   6620,   6711,   6796, 
	  7728,   7703,   7930,   6140,   8199, 
	  6950,   8734,   6930,   8027,   6424, 
	  6285,   6145,   8027,   8573,   6764, 
	  7013,   6990,   7115,   7796,   8204, 
	  8997,   5892,   6865,   7426,   7043, 
	  7041,   9017,   6959,   7933,   7990, 
	  8035,   7991,   8036,   5961,   6072, 
	  6064,   7448,   7259,   6863,   7160, 
	  7402,   7463,   8959,   8313,   8240, 
	  7018,   6976,   6856,   7601,   7846, 
	  7997,   7840,   9024,   7618,   9026, 
	  7519,   9023,   6964,   6964,   5887, 
	  7666,   8083,   6612,   7507,   7771, 
	  7447,   7712,   9026,   8894,   6246, 
	  6305,   6346,   6377,   6368,   7575, 
	  6915,   7590,   7751,   7997,   8128, 
	  7615,   5596,   5754,   5627,   8582, 
	  6417,   6300,   8324,   7264,   7917, 
	  9020,   9023,   7027,   6509,   6551, 
	  6506,   7813,   7967,   7126,   5954, 
	  7536,   6413,   9023,   7855,   7305, 
	  5931,   5962,   6707,   9005,   7360, 
	  6397,   6828,   6963,   7132,   8338, 
	  7360,   8607,   6519,   6552,   6644, 
	  7184,   7185,   8153,   6298,   7506, 
	  7650,   8435,   8257,   8182,   6304, 
	  6065,   6054,   8257,   7001,   7010, 
	  7650,   7848,   7604,   8784,   9004, 
	  8718,   6555,   6422,   7117,   8021, 
	  7838,   7824,   6581,   8826,   6614, 
	  8990,   8027,   8080,   6558,   5634, 
	  6858,   8985,   8148,   6956,   7044, 
	  7195,   7053,   7741,   8437,   8496, 
	  6360,   6394,   6421,   6656,   6683, 
	  7591,   6985,   8536,   6980,   8098, 
	  7925,   7841,   6067,   5982,   5883, 
	  8015,   6729,   6718,   7776,   6940, 
	  7612,   8948,   9008,   7620,   6673, 
	  6754,   6833,   7539,   7550,   7536, 
	  6966,   7813,   6973,   8611,   7475, 
	  8068,   6514,   6374,   6310,   8098, 
	  7792,   7007,   7116,   7068,   7026, 
	  7298,   7536,   8547,   6183,   6771, 
	  6875,   6790,   6980,   8434,   6918, 
	  8200,   8135,   8325,   8108,   8083, 
	  6345,   6236,   6172,   7704,   6962, 
	  6955,   7539,   7634,   7776,   8281, 
	  8011,   9024,   6746,   6816,   7042, 
	  8016,   7515,   8204,   7527,   8765, 
	  7473,   8842,   6772,   8674,   6613, 
	  6649,   5502,   7964,   7649,   6962, 
	  7135,   7326,   7341,   7307,   7996, 
	  8971,   5827,   6053,   6098,   6470, 
	  5482,   8045,   6964,   7950,   7835, 
	  7911,   7670,   8006,   5541,   5434, 
	  5377,   8615,   5961,   5481,   8038, 
	  6497,   8207,   8732,   8949,   7362, 
	  7069,   6482,   6177,   8081,   7656, 
	  7664,   6551,   8395,   7103,   8875, 
	  7129,   7092,   6607,   6055,   6536, 
	  9016,   6851,   6869,   7750,   7342, 
	  7322,   8174,   6957,   9019,   6372, 
	  6585,   6757,   6983,   6985,   7977, 
	  5912,   7750,   8036,   8135,   8174, 
	  8258,   5473,   5551,   5789,   8444, 
	  7105,   7107,   7234,   7905,   7992, 
	  8106,   8636,   9006,   6793,   6797, 
	  6590,   7954,   7768,   7834,   7436, 
	  8976,   7281,   8936,   7543,   8035, 
	  6754,   5635,   5630,   7529,   7597, 
	  6436,   7653,   7303,   6947,   7198, 
	  9021,   9016,   6028,   6106,   6355, 
	  6225,   7194,   7875,   6954,   9016, 
	  8013,   7818,   9020,   7868,   5810, 
	  5764,   5792,   7861,   6909,   5962, 
	  7425,   6978,   8117,   9015,   9024, 
	  7928,   6739,   6779,   6821,   7594, 
	  7618,   7623,   6728,   8263,   6680, 
	  9016,   7257,   7669,   6622,   6571, 
	  6518,   7499,   7596,   6865,   7274, 
	  7282,   7130,   7847,   8399,   8406, 
	  5683,   5737,   7928,   6356,   6450, 
	  8810,   6910,   7824,   8091,   7869, 
	  7801,   8363,   5991,   6080,   6250, 
	  7728,   7143,   7120,   7028,   7323, 
	  7618,   9014,   8136,   9025,   6648, 
	  6744,   7183,   7187,   8116,   8088, 
	  7113,   9006,   8147,   8971,   7267, 
	  9022,   7002,   7015,   6439,   7284, 
	  7829,   7241,   7554,   7878,   7484, 
	  7838,   9016,   9022,   6241,   6280, 
	  6299,   6117,   6331,   7421,   6971, 
	  7489,   7613,   8213,   8111,   7759, 
	  5873,   5739,   5661,   7984,   6290, 
	  6344,   8181,   7182,   7714,   9001, 
	  9025,   7308,   6513,   6483,   6478, 
	  7588,   7381,   7390,   5970,   7788, 
	  6703,   8267,   7670,   7507,   6594, 
	  5369,   6640,   8788,   6957,   6943, 
	  6789,   6788,   7489,   7905,   6963, 
	  8827,   6497,   6504,   6514,   6957, 
	  6957,   7870,   6638,   7859,   7458, 
	  8016,   7952,   7919,   6139,   6015, 
	  5874,   8159,   6962,   6976,   7428, 
	  7870,   7337,   8297,   8878,   9019, 
	  6705,   6663,   6840,   7715,   7737, 
	  7735,   6963,   9019,   6963,   8102, 
	  7745,   7761,   7076,   5866,   6968, 
	  8219,   7688,   6316,   7196,   7209, 
	  7175,   7331,   8143,   9024,   6325, 
	  6563,   6530,   6739,   6750,   7897, 
	  7184,   8544,   7166,   7896,   7896, 
	  7879,   6067,   5914,   5798,   7956, 
	  6811,   6817,   7993,   6943,   7721, 
	  9022,   9013,   7683,   6642,   6650, 
	  6669,   7442,   7475,   7505,   6962, 
	  7730,   6940,   8423,   6934,   7993, 
	  6636,   6311,   6334,   7846,   7931, 
	  6788,   7375,   7325,   7271,   7569, 
	  7553,   8798,   5758,   6789,   6823, 
	  7035,   6445,   8601,   6988,   7984, 
	  7932,   7968,   7789,   7942,   6284, 
	  6159,   6028,   7897,   6943,   6955, 
	  7466,   7465,   7743,   8883,   7628, 
	  8931,   6910,   6906,   6911,   7757, 
	  7366,   8169,   7792,   8146,   7746, 
	  9021,   6991,   9024,   6721,   6730, 
	  5730,   7640,   7731,   7114,   7470, 
	  7567,   7632,   7806,   7753,   9020, 
	  5944,   5990,   6073,   6001,   6018, 
	  7654,   6479,   7506,   7911,   8084, 
	  7897,   7721,   5666,   5610,   5564, 
	  7744,   5816,   5930,   7362,   6510, 
	  7368,   8676,   8679,   7371,   6356, 
	  6302,   6269,   7678,   6937,   7775, 
	  5617,   7407,   6064,   8593,   7122, 
	  7311,   6324,   5800,   5824,   8628, 
	  6520,   6517,   6963,   6928,   6773, 
	  8032,   6385,   8554,   6564,   6584, 
	  6322,   7037,   7034,   7837,   6010, 
	  8857,   7405,   8284,   8429,   8125, 
	  5918,   6021,   5513,   8422,   6980, 
	  6982,   6957,   7733,   7913,   7887, 
	  8897,   8954,   6930,   6779,   6912, 
	  8177,   7475,   7879,   7647,   9004, 
	  6960,   8995,   8065,   7697,   6971, 
	  5879,   5771,   7295,   7374,   5466, 
	  7375,   7393,   7026,   6887,   8696, 
	  8664,   6128,   6621,   6089,   6493, 
	  6526,   7899,   6984,   8761,   7445, 
	  7740,   8030,   7803,   5840,   5823, 
	  5805,   7820,   6595,   6597,   7487, 
	  6967,   7715,   8566,   8738,   7944, 
	  6635,   6643,   6633,   7656,   7571, 
	  7492,   6585,   7273,   6515,   9016, 
	  6962,   7793,   6657,   6602,   6185, 
	  8372,   8497,   7317,   7429,   7306, 
	  7223,   8065,   7688,   8996,   5843, 
	  7058,   7088,   7020,   7085,   8860, 
	  6950,   7827,   7738,   7893,   7951, 
	  8012,   6057,   6163,   6292,   7935, 
	  6970,   6969,   7239,   7325,   7491, 
	  8173,   7270,   8401,   6998,   6998, 
	  6993,   7563,   7704,   7868,   7710, 
	  8617,   7597,   8970,   7617,   9010, 
	  6954,   6948,   6083,   7595,   7985, 
	  6934,   7642,   7700,   7692,   7652, 
	  8803,   8772,   6184,   6237,   6746, 
	  6855,   5710,   7647,   7044,   7356, 
	  7978,   8380,   8063,   7468,   5658, 
	  5647,   5652,   7703,   6919,   5612, 
	  7563,   7232,   7222,   8804,   8817, 
	  6777,   6296,   7013,   6332,   8193, 
	  8011,   7217,   5863,   8576,   5947, 
	  9021,   8384,   6786,   5456,   6703, 
	  6060,   8634,   8982,   5385,   6938, 
	  7054,   6955,   8163,   8684,   7894, 
	  6450,   6662,   6626,   7774,   6952, 
	  7850,   5639,   7492,   7248,   8616, 
	  8557,   8530,   6054,   6220,   6037, 
	  8270,   7538,   7554,   7456,   8078, 
	  7396,   8946,   9024,   9022,   6618, 
	  6797,   6889,   7848,   7854,   7746, 
	  6471,   8690,   6494,   8670,   8355, 
	  8247,   6335,   6112,   6248,   8019, 
	  8131,   6262,   7108,   7309,   6738, 
	  6834,   9025,   8401,   6431,   6460, 
	  6496,   6482,   6477,   7583,   6877, 
	  8111,   6845,   8376,   8024,   7953, 
	  6137,   6081,   6066,   7956,   6699, 
	  6088,   7525,   7292,   7421,   8352, 
	  9012,   7062,   6802,   6755,   6716, 
	  7743,   7739,   7528,   6947,   7918, 
	  6513,   8796,   7467,   8334,   6506, 
	  6607,   6101,   8149,   8056,   6586, 
	  7053,   7043,   7036,   7213,   7186, 
	  8564,   6227,   7263,   7081,   6955, 
	  6960,   8076,   7006,   8377,   8058, 
	  8085,   8090,   8128,   6306,   6302, 
	  6299,   7112,   6797,   6848,   7235, 
	  7317,   7367,   8078,   8265,   8638, 
	  6866,   6910,   6932,   7840,   7766, 
	  7816,   7421,   8314,   7465,   9018, 
	  7315,   7996,   6198,   6432,   5760, 
	  8005,   7921,   7188,   7217,   7261, 
	  7314,   7602,   8128,   8064,   5776, 
	  5783,   7422,   6439,   5470,   8849, 
	  7072,   7805,   8145,   8011,   7707, 
	  8021,   5536,   5527,   5559,   7643, 
	  5940,   6603,   7161,   6422,   7958, 
	  8892,   8124,   8670,   6972,   6506, 
	  6414,   8356,   7887,   7702,   6627, 
	  8084,   6383,   8992,   7402,   7340, 
	  6635,   5970,   5974,   8542,   7383, 
	  6971,   7012,   7007,   7014,   7699, 
	  7208,   9025,   6216,   6235,   6513, 
	  6860,   6864,   8126,   5409,   7917, 
	  8054,   7947,   8237,   8162,   5790, 
	  5747,   6243,   8033,   6959,   7444, 
	  7393,   7365,   8032,   8322,   8550, 
	  8891,   6751,   7111,   6466,   7743, 
	  7878,   7687,   7171,   8994,   7217, 
	  9011,   7802,   8130,   6224,   6201, 
	  6166,   7282,   7743,   6418,   6977, 
	  7258,   7149,   6833,   8976,   8989, 
	  6379,   6378,   6957,   5356,   6957, 
	  7893,   6875,   8495,   8284,   7958, 
	  8302,   7821,   5788,   5893,   6053, 
	  7437,   6983,   6188,   7522,   7077, 
	  8422,   9027,   8942,   8328,   6850, 
	  6853,   6852,   7621,   7747,   7565, 
	  6745,   7997,   6740,   8984,   7829, 
	  7515,   6549,   6375,   6423,   8191, 
	  7890,   6876,   6967,   7056,   7109, 
	  7498,   7712,   9020,   5547,   6964, 
	  6265,   6658,   6644,   9001,   6366, 
	  7826,   9024,   8203,   8073,   7961, 
	  6129,   6175,   6224,   7509,   6953, 
	  6952,   7063,   7106,   7647,   9010, 
	  7947,   9021,   6652,   6946,   6632, 
	  7338,   7811,   8175,   7478,   8974, 
	  7947,   8972,   7146,   9023,   6418, 
	  6377,   6319,   7008,   7696,   7267, 
	  6878,   7034,   7287,   6993,   8921, 
	  9024,   6300,   6410,   6494,   6624, 
	  6642,   7830,   6909,   7356,   7457, 
	  7897,   8082,   7899,   5801,   5813, 
	  5868,   7696,   6391,   6381,   7748, 
	  6917,   7241,   8791,   8711,   6991, 
	  6527,   6754,   6749,   7859,   7732, 
	  7451,   6288,   7978,   6323,   9000, 
	  7065,   7101,   5767,   6956,   6196, 
	  8956,   7873,   6817,   7072,   7074, 
	  7292,   8046,   7402,   9004,   6558, 
	  6691,   6807,   7777,   6924,   7703, 
	  6735,   7771,   7681,   8149,   8156, 
	  8099,   6167,   6137,   6329,   7951, 
	  7083,   7113,   7599,   7705,   7803, 
	  8598,   8967,   9022,   6948,   6947, 
	  6948,   7848,   7828,   7805,   7521, 
	  8614,   7104,   8847,   7676,   7735, 
	  6964,   6281,   6885,   7885,   8169, 
	  6472,   7133,   7216,   7294,   6961, 
	  8129,   8910,   6360,   6405,   6472, 
	  6581,   6789,   7677,   6946,   8609, 
	  7490,   7812,   8052,   8088,   6122, 
	  6118,   6111,   7620,   6707,   6721, 
	  7844,   7163,   7472,   9027,   9014, 
	  7596,   6584,   6592,   6619,   7564, 
	  7498,   7426,   6980,   7266,   6959, 
	  8926,   6424,   8024,   6508,   6426, 
	  6371,   7787,   8109,   7055,   7241, 
	  7203,   7198,   7822,   7823,   8777, 
	  5734,   6604,   6625,   6856,   6839, 
	  8485,   6791,   8009,   8224,   7943, 
	  7999,   8039,   6309,   6339,   6336, 
	  7174,   7015,   6974,   7386,   7427, 
	  7480,   8460,   8424,   7903,   6906, 
	  6931,   6955,   7670,   7711,   7755, 
	  7509,   8264,   8311,   9025,   6961, 
	  8251,   6853,   6911,   5517,   7719, 
	  7637,   6886,   7280,   7415,   7489, 
	  7316,   8672,   8353,   6069,   6324, 
	  6356,   5926,   5888,   8314,   6991, 
	  8057,   7505,   7650,   7951,   8063, 
	  5835,   5763,   5716,   7397,   6034, 
	  6035,   7569,   6378,   7821,   8024, 
	  8761,   8156,   6617,   6489,   6527, 
	  7933,   7496,   7479,   6833,   7496, 
	  5996,   9022,   6952,   6955,   6182, 
	  6135,   6105,   7961,   6719,   6384, 
	  6926,   6962,   6988,   7798,   7024, 
	  8292,   6392,   6431,   6702,   6853, 
	  6925,   7752,   6583,   7960,   7856, 
	  7841,   8023,   8210,   5789,   5862, 
	  5944,   7911,   6754,   6913,   7443, 
	  7807,   7739,   8143,   9019,   8922, 
	  6938,   6941,   6538,   7891,   7929, 
	  7585,   7680,   9025,   6518,   8753, 
	  8423,   7740,   6313,   6298,   6049, 
	  6988,   7877,   5603,   6594,   6873, 
	  7030,   6149,   9023,   8984,   6655, 
	  6528,   6437,   6653,   6666,   8365, 
	  6990,   8723,   7647,   7823,   7949, 
	  8035,   5936,   5927,   5950,   7139, 
	  6858,   6618,   7438,   7054,   7430, 
	  8518,   8819,   8366,   6751,   6712, 
	  6684,   7788,   7646,   7526,   6553, 
	  7489,   6445,   9012,   6977,   7481, 
	  6396,   6417,   6009,   8362,   8417, 
	  6979,   7033,   7060,   7088,   7638, 
	  8041,   9016,   5477,   6762,   7378, 
	  6833,   7073,   8949,   6364,   7979, 
	  8319,   8121,   8198,   8354,   5863, 
	  6063,   6221,   7517,   7340,   6740, 
	  7160,   7524,   7577,   8905,   8922, 
	  8557,   6961,   6986,   7014,   7690, 
	  7815,   7885,   7551,   8714,   7522, 
	  9027,   7470,   8890,   6811,   7301, 
	  6186,   7477,   7976,   6706,   7191, 
	  7304,   7431,   7247,   9024,   9025, 
	  6313,   6355,   6396,   6176,   6422, 
	  7868,   6721,   7330,   7398,   8060, 
	  7976,   7571,   5786,   5712,   5670, 
	  7811,   6658,   5749,   8202,   6939, 
	  7846,   8996,   9022,   6893,   6718, 
	  6467,   6503,   7885,   7849,   7182, 
	  6147,   8147,   6217,   9008,   7852, 
	  6958,   5717,   5956,   5793,   8345, 
	  7976,   5445,   7018,   6854,   7080, 
	  8558,   7547,   8652,   6490,   6554, 
	  6601,   7033,   7217,   8210,   6258, 
	  7471,   7333,   8342,   8398,   8474, 
	  5925,   6140,   6460,   8077,   7233, 
	  7606,   7597,   8057,   7278,   8917, 
	  8957,   8842,   6594,   6735,   6593, 
	  7919,   7827,   7679,   6775,   9023, 
	  6368,   9025,   7923,   8190,   6165, 
	  5987,   5966,   7845,   7960,   6080, 
	  6983,   7400,   6568,   7533,   8759, 
	  8051,   6411,   6419,   6419,   6397, 
	  6643,   7525,   6841,   8510,   6808, 
	  8076,   8143,   7890,   6091,   6033, 
	  5989,   7748,   6510,   6541,   7646, 
	  6887,   7563,   9009,   9023,   7506, 
	  6734,   6740,   6745,   7586,   7529, 
	  7519,   7065,   7980,   7021,   9017, 
	  7193,   8032,   6454,   6478,   6223, 
	  7952,   7918,   6967,   7204,   7224, 
	  7253,   7176,   7438,   8978,   6061, 
	  6854,   6860,   6942,   6955,   8286, 
	  7005,   8252,   8277,   8074,   8140, 
	  8176,   6135,   6327,   6126,   7405, 
	  6968,   6946,   7628,   7697,   8024, 
	  8181,   8123,   8989,   6509,   6798, 
	  6871,   8242,   7233,   8166,   7532, 
	  9010,   7564,   9026,   6982,   8551, 
	  6529,   6586,   5375,   7933,   7654, 
	  7275,   7730,   7424,   7413,   7760, 
	  7887,   9017,   6159,   6183,   6424, 
	  6640,   6270,   8035,   6772,   7919, 
	  7854,   8069,   7836,   7962,   5573, 
	  5509,   5474,   8562,   6110,   6028, 
	  7853,   6459,   7822,   8505,   8751, 
	  7765,   6944,   6219,   6178,   8028, 
	  7750,   7419,   6540,   8332,   6564, 
	  9021,   7162,   7008,   6546,   5439, 
	  5535,   8791,   6474,   6566,   6842, 
	  6938,   7049,   7571,   6901,   8973, 
	  6455,   6578,   6677,   6948,   6915, 
	  7948,   6079,   8003,   7884,   8175, 
	  8204,   8202,   5904,   6099,   6328, 
	  8080,   6988,   7225,   7499,   7605, 
	  7888,   8170,   8771,   8732,   6896, 
	  6797,   6661,   7794,   7874,   7598, 
	  7788,   9020,   6985,   9010,   7841, 
	  7816,   6955,   6134,   6094,   7283, 
	  7288,   6052,   7365,   7529,   7308, 
	  7833,   8953,   8186,   6277,   6318, 
	  6566,   6367,   7067,   7730,   7013, 
	  8971,   7776,   7868,   9015,   7794, 
	  5809,   5825,   6089,   8084,   7047, 
	  7046,   7660,   6957,   8042,   9025, 
	  9025,   8158,   6835,   6805,   6748, 
	  7586,   7584,   7580,   6705,   7756, 
	  6651,   9025,   7355,   7733,   6550, 
	  6452,   6297,   8008,   8073,   6970, 
	  6966,   7134,   7180,   7599,   8558, 
	  8164,   5420,   6665,   6674,   6457, 
	  6758,   8821,   6792,   7729,   8050, 
	  8126,   8222,   8007,   6156,   6211, 
	  6274,   7599,   7027,   7088,   7092, 
	  7443,   7802,   8957,   8176,   9026, 
	  6818,   6860,   7013,   7433,   7650, 
	  7814,   7807,   8992,   7734,   8997, 
	  7308,   9016,   6670,   6528,   6571, 
	  7385,   7658,   7072,   7298,   7450, 
	  7696,   7434,   9010,   9026,   6445, 
	  6445,   6452,   6240,   6184,   7874, 
	  6590,   7050,   7185,   8272,   8241, 
	  7890,   5905,   5828,   5780,   8096, 
	  6347,   6298,   7757,   7059,   7348, 
	  9018,   9022,   7202,   6551,   6574, 
	  6589,   7525,   7352,   7230,   6174, 
	  7658,   6255,   8785,   7980,   6962, 
	  6410,   6228,   6249,   8486,   6747, 
	  6631,   6951,   6957,   7614,   7873, 
	  7011,   9003,   6457,   6492,   6538, 
	  7237,   7048,   7884,   6011,   8106, 
	  7265,   8163,   8278,   8293,   6231, 
	  6073,   5940,   8028,   7302,   7224, 
	  7879,   8207,   7469,   9004,   8929, 
	  9005,   6726,   6702,   6607,   7782, 
	  7740,   7709,   6663,   8534,   6334, 
	  8637,   7701,   7482,   6823,   5947, 
	  5993,   7901,   7479,   6284,   7303, 
	  7179,   7099,   7447,   7980,   8764, 
	  6444,   6414,   6399,   6673,   6696, 
	  7992,   7099,   8254,   7119,   7819, 
	  7853,   8040,   6203,   6121,   6056, 
	  7840,   6867,   6873,   7730,   7274, 
	  7883,   9020,   8996,   8012,   6604, 
	  6677,   6738,   7433,   7404,   7386, 
	  6988,   7117,   6971,   8226,   6515, 
	  8511,   6635,   6624,   6564,   7743, 
	  7960,   6961,   7368,   7393,   7423, 
	  7495,   7464,   8636,   5984,   6591, 
	  6673,   7978,   6673,   8313,   6913, 
	  8061,   8033,   7904,   7803,   8109, 
	  6344,   6296,   6215,   7758,   6955, 
	  6954,   7400,   7565,   7729,   8836, 
	  7642,   9025,   6770,   6587,   6652, 
	  7794,   7581,   8037,   7773,   8296, 
	  7959,   9025,   7047,   9026,   6738, 
	  6864,   5728,   7673,   7842,   6968, 
	  7483,   7597,   7710,   7842,   7835, 
	  9003,   6353,   6357,   6365,   6322, 
	  6345,   7800,   6742,   7111,   7153, 
	  7709,   8044,   8082,   5946,   5902, 
	  5872,   7584,   6133,   6018,   7316, 
	  6119,   7199,   8503,   8569,   7593, 
	  6469,   6479,   6486,   7826,   6955, 
	  6956,   5839,   6978,   5765,   8946, 
	  6975,   7002,   6155,   6077,   6010, 
	  8108,   6414,   6449,   6918,   6643, 
	  7251,   7677,   6206,   8895,   6339, 
	  6482,   6581,   6967,   6975,   7769, 
	  6971,   7657,   7668,   8267,   8189, 
	  8130,   6000,   5941,   5902,   7721, 
	  6618,   7056,   7551,   7536,   7181, 
	  7930,   9016,   9017,   6962,   6704, 
	  6706,   7991,   7732,   7696,   8214, 
	  8927,   6746,   9013,   7864,   7634, 
	  7166,   5866,   5894,   7354,   7429, 
	  6275,   7175,   7129,   6947,   7020, 
	  8633,   8922,   6274,   6537,   6447, 
	  6533,   6899,   7823,   7395,   8889, 
	  7625,   7929,   8994,   7843,   5978, 
	  5976,   6005,   7515,   6811,   6780, 
	  7208,   7188,   7682,   9024,   8980, 
	  8374,   6628,   6601,   6620,   7649, 
	  7515,   7384,   6661,   7437,   6637, 
	  9023,   6973,   7646,   6484,   6327, 
	  6193,   8180,   8361,   7332,   7220, 
	  7159,   7121,   8047,   7895,   8937, 
	  5501,   6880,   6876,   7038,   7060, 
	  8687,   6903,   7855,   7910,   8224, 
	  8305,   8489,   6026,   6093,   6175, 
	  7314,   6911,   6894,   6973,   6973, 
	  7515,   9026,   8337,   9009,   6880, 
	  6971,   6987,   7626,   7823,   7833, 
	  7803,   8783,   7821,   9009,   7841, 
	  9025,   6829,   6826,   6202,   7467, 
	  8097,   6993,   7475,   7551,   7543, 
	  7602,   8994,   8935,   6000,   6228, 
	  6367,   6985,   6149,   8095,   7024, 
	  7544,   8095,   8154,   8123,   7432, 
	  5725,   5645,   5581,   8173,   6775, 
	  5701,   7834,   7236,   7244,   9001, 
	  8965,   6983,   6415,   6999,   6134, 
	  7906,   8132,   7312,   5864,   8353, 
	  6144,   9022,   8018,   6973,   5366, 
	  6595,   6013,   8967,   8622,   6125, 
	  7314,   7061,   7274,   7946,   7580, 
	  8856,   6604,   6610,   6799,   7348, 
	  7395,   8267,   5865,   7393,   7774, 
	  8512,   8519,   8482,   6174,   6286, 
	  6422,   8183,   7766,   7350,   7797, 
	  8300,   7570,   9024,   9023,   8960, 
	  6516,   6836,   6546,   7734,   7927, 
	  7783,   6586,   8991,   6606,   8784, 
	  8437,   7999,   6008,   6200,   6549, 
	  8054,   8509,   6252,   7293,   7429, 
	  7228,   7752,   9012,   7886,   6406, 
	  6484,   6542,   6529,   6569,   7755, 
	  6939,   8190,   7025,   7955,   7895, 
	  7766,   6233,   6177,   6100,   7793, 
	  6500,   6332,   7792,   7237,   7676, 
	  8273,   9000,   7359,   6811,   6843, 
	  6874,   7606,   7633,   7682,   6965, 
	  8016,   7169,   8913,   7285,   8208, 
	  6540,   6561,   5940,   7886,   7815, 
	  7020,   7115,   7094,   7091,   7200, 
	  7456,   8741,   6098,   7085,   7012, 
	  7005,   7046,   8167,   6653,   8564, 
	  8175,   8126,   8086,   8037,   6366, 
	  6335,   6321,   7255,   6971,   6760, 
	  7342,   7449,   7541,   8464,   8121, 
	  8553,   6845,   6917,   6979,   7827, 
	  7749,   7891,   7332,   8613,   7680, 
	  8911,   6879,   8215,   6143,   6547, 
	  5606,   7806,   7880,   6505,   7292, 
	  7270,   7372,   7503,   8339,   7987, 
	  6207,   6046,   6626,   6835,   5620, 
	  8050,   7048,   7852,   7945,   7890, 
	  7814,   7947,   5683,   5674,   5717, 
	  7888,   6122,   6212,   6985,   6378, 
	  7477,   7996,   8373,   7732,   6954, 
	  6353,   6389,   8210,   7770,   7741, 
	  6506,   7922,   6533,   9020,   7080, 
	  7393,   6575,   6377,   6590,   8698, 
	  7411,   6998,   7027,   7027,   7018, 
	  7585,   7101,   8989,   6319,   6594, 
	  6667,   6783,   6768,   8041,   5581, 
	  7863,   7660,   8051,   8028,   8238, 
	  5957,   6132,   6276,   7870,   7092, 
	  7078,   7494,   7351,   7926,   8028, 
	  8383,   8928,   6765,   6659,   6561, 
	  7848,   7802,   7640,   7639,   8701, 
	  6931,   9024,   7724,   7974,   6295, 
	  6268,   6239,   7000,   7740,   6341, 
	  7100,   7306,   7083,   7103,   8986, 
	  8978,   6219,   6498,   6603,   6148, 
	  6868,   8033,   6985,   7949,   7751, 
	  7990,   8002,   7868,   5894,   5927, 
	  6256,   7882,   6562,   6571,   7469, 
	  6856,   8476,   8749,   8706,   8074, 
	  6958,   6959,   6958,   7729,   7710, 
	  7654,   6769,   7850,   6791,   8899, 
	  7581,   7552,   6718,   6582,   6527, 
	  8347,   8048,   6984,   7093,   7141, 
	  7189,   7680,   7780,   9026,   5393, 
	  6728,   6540,   6777,   6748,   8989, 
	  6963,   7710,   8317,   8445,   7829, 
	  8053,   6207,   6247,   6295,   7652, 
	  6988,   6984,   7179,   7177,   7535, 
	  9023,   8071,   9026,   6767,   6932, 
	  6974,   7669,   7851,   7964,   7517, 
	  9003,   7778,   9018,   7228,   9014, 
	  6579,   6526,   6474,   7181,   7700, 
	  7148,   7008,   7429,   7469,   7339, 
	  9016,   9022,   6195,   6367,   6562, 
	  7126,   6934,   8056,   7111,   7700, 
	  7756,   7957,   7918,   7867,   5736, 
	  5797,   5883,   8365,   6960,   6143, 
	  8179,   6912,   8091,   8408,   8882, 
	  7523,   6535,   6648,   6745,   7843, 
	  7706,   7677,   6353,   7518,   6119, 
	  8661,   7535,   7521,   6435,   6615, 
	  7129,   8956,   7416,   6959,   7008, 
	  7123,   7360,   7854,   7316,   8950, 
	  6580,   6633,   6699,   7241,   7246, 
	  7834,   6718,   7562,   7564,   8025, 
	  8039,   8033,   6300,   6305,   6369, 
	  7822,   7491,   6556,   7355,   7348, 
	  7825,   8617,   8706,   9002,   6920, 
	  6877,   6835,   7797,   7818,   7808, 
	  6894,   8480,   6373,   8687,   7826, 
	  7833,   6944,   6164,   6946,   7983, 
	  7848,   6613,   7128,   7125,   7122, 
	  7430,   8219,   8076,   6310,   6412, 
	  6590,   6703,   6726,   7783,   6984, 
	  8449,   7707,   7824,   7869,   7920, 
	  6215,   6157,   6196,   7808,   6977, 
	  6562,   7862,   6974,   7789,   8579, 
	  8942,   7856,   6697,   6741,   6783, 
	  7546,   7599,   7658,   6981,   7428, 
	  6963,   8206,   7072,   8406,   6685, 
	  6629,   6595,   7867,   7998,   6962, 
	  7311,   7284,   7269,   7727,   7516, 
	  8476,   5989,   6396,   6441,   6840, 
	  6760,   8729,   6689,   8051,   8092, 
	  7978,   8089,   8183,   6280,   6236, 
	  6190,   7255,   7231,   6656,   7231, 
	  7385,   7630,   9025,   7909,   8718, 
	  6981,   6980,   6979,   7667,   7748, 
	  7825,   7506,   8520,   7590,   8886, 
	  7029,   8936,   6961,   6949,   5658, 
	  7784,   7833,   6957,   7362,   7378, 
	  7363,   7337,   8378,   8341,   5966, 
	  6051,   6189,   5862,   5993,   7986, 
	  6974,   7981,   7389,   7480,   7959, 
	  8252,   5734,   5672,   5644,   7631, 
	  6164,   6239,   7259,   6228,   7982, 
	  7972,   8794,   8258,   6714,   6218, 
	  6176,   8074,   7512,   7479,   5857, 
	  7747,   5904,   8773,   7387,   7343, 
	  6455,   6436,   6341,   8543,   7725, 
	  6783,   6940,   6976,   7057,   7593, 
	  7547,   8309,   6454,   6347,   6464, 
	  6818,   6847,   7827,   6472,   8119, 
	  8000,   8238,   8241,   8271,   6001, 
	  5882,   5829,   8114,   6858,   6848, 
	  7193,   7769,   7870,   8002,   9024, 
	  9020,   6962,   6547,   6582,   7973, 
	  7652,   7857,   7734,   8877,   6286, 
	  9019,   8110,   7596,   7411,   5780, 
	  5854,   7632,   7928,   5807,   6753, 
	  7176,   7279,   7372,   9020,   8923, 
	  6399,   6506,   6851,   6572,   6563, 
	  8183,   7103,   8878,   7643,   7761, 
	  7872,   7979,   5898,   5938,   6027, 
	  7769,   6678,   6718,   7586,   7075, 
	  7617,   8097,   9019,   7953,   6876, 
	  6824,   6806,   7711,   7682,   7702, 
	  6529,   7715,   5960,   8614,   6946, 
	  7866,   6730,   6340,   6402,   8315, 
	  8272,   7021,   7151,   7210,   7224, 
	  7862,   8113,   8858,   5834,   6932, 
	  7444,   6960,   6956,   8998,   6463, 
	  7856,   8100,   8011,   8077,   8394, 
	  6222,   6369,   6220,   7809,   7003, 
	  7001,   7537,   7784,   8059,   9028, 
	  8221,   8419,   7093,   7040,   6959, 
	  7799,   7744,   8151,   8171,   9010, 
	  7167,   8988,   7563,   9024,   6952, 
	  7122,   5857,   7751,   8112,   6701, 
	  7154,   8166,   7813,   7720,   9005, 
	  9021,   6248,   6316,   6409,   6773, 
	  6230,   7316,   6951,   7609,   7842, 
	  8038,   8237,   7633,   6013,   5778, 
	  5556,   8597,   7040,   5896,   8260, 
	  7036,   7974,   9016,   9025,   6967, 
	  6516,   6637,   6531,   7775,   8006, 
	  7275,   6092,   7906,   6257,   8897, 
	  7827,   7366,   5742,   5898,   6738, 
	  8979,   7800,   6000,   7357,   7128, 
	  7172,   8212,   7648,   8691,   6467, 
	  6494,   6653,   7212,   7240,   8264, 
	  6362,   7674,   7638,   8370,   8334, 
	  8307,   6342,   5972,   5954,   8137, 
	  7131,   7498,   7433,   8168,   7489, 
	  8867,   9025,   8793,   6696,   6736, 
	  6951,   7901,   7833,   7870,   7298, 
	  8737,   7267,   9010,   7877,   7881, 
	  6692,   5479,   6801,   8988,   8147, 
	  7152,   7356,   7272,   7203,   7726, 
	  8302,   8290,   6542,   6516,   6525, 
	  6650,   6563,   7494,   6953,   8734, 
	  6955,   7884,   8014,   7818,   6576, 
	  6097,   6160,   8095,   6595,   6608, 
	  7793,   7491,   7481,   8979,   8952, 
	  7410,   6787,   6787,   6802,   7519, 
	  7492,   7476,   6961,   7906,   6955, 
	  8617,   7238,   7919,   7213,   6099, 
	  6032,   8028,   7791,   6937,   7161, 
	  7156,   7138,   7500,   8013,   8056, 
	  6267,   6808,   6832,   6977,   6953, 
	  8460,   6957,   8145,   8235,   7990, 
	  8029,   8101,   6547,   6019,   6051, 
	  8013,   6992,   7001,   7598,   7817, 
	  7756,   8407,   7981,   9026,   6749, 
	  6822,   6939,   8095,   7389,   8111, 
	  7209,   7872,   7821,   8729,   6809, 
	  8542,   6958,   6350,   5419,   8015, 
	  7615,   7104,   7539,   7453,   7345, 
	  7824,   8003,   9021,   6064,   6111, 
	  6237,   6655,   5673,   7603,   6939, 
	  7847,   7838,   7848,   7662,   7930, 
	  5944,   5561,   5482,   8751,   6164, 
	  6138,   7935,   7159,   8237,   8410, 
	  9027,   7631,   6969,   6312,   6286, 
	  8408,   7401,   7732,   6313,   8658, 
	  7103,   9008,   7159,   7191,   6512, 
	  6192,   6329,   8928,   6735,   6674, 
	  7745,   7461,   7209,   7959,   7183, 
	  9022,   6344,   6444,   6339,   6822, 
	  7050,   7989,   5800,   7878,   8020, 
	  8139,   8337,   8413,   6096,   6088, 
	  5690,   8265,   6958,   6890,   7328, 
	  7689,   7841,   7945,   8676,   8970, 
	  6861,   6794,   6487,   7931,   7629, 
	  7617,   7730,   9009,   7260,   9016, 
	  7987,   7950,   6575,   5636,   5587, 
	  7541,   7582,   5619,   7720,   7790, 
	  7393,   8008,   8853,   8476,   6458, 
	  6549,   6459,   6451,   7318,   7665, 
	  6961,   8984,   7659,   8050,   8757, 
	  7821,   6104,   5957,   6125,   8081, 
	  6829,   6527,   7561,   7046,   8008, 
	  9022,   9025,   7828,   6757,   6764, 
	  6772,   7711,   7655,   7583,   6586, 
	  7749,   6523,   9018,   7171,   7726, 
	  6762,   6741,   6412,   8100,   8141, 
	  6785,   7400,   7351,   7353,   7715, 
	  8151,   8174,   5398,   6535,   6531, 
	  6435,   6542,   8630,   6978,   7742, 
	  8034,   7984,   8165,   7996,   6290, 
	  6258,   6295,   7688,   7063,   7048, 
	  7102,   7354,   7536,   9025,   8096, 
	  9023,   6834,   7029,   6819,   7484, 
	  7454,   7995,   7753,   9008,   7591, 
	  8928,   7207,   9015,   6945,   6946, 
	  6338,   7268,   7716,   7274,   7486, 
	  7840,   7875,   7410,   8970,   8920, 
	  6398,   6381,   6378,   6218,   6274, 
	  7540,   6988,   7559,   7542,   8046, 
	  8103,   7787,   6090,   5666,   5646, 
	  8421,   6458,   6473,   7954,   6904, 
	  8046,   9026,   8960,   7829,   6488, 
	  6521,   6555,   7583,   7617,   7334, 
	  5728,   7524,   6557,   9011,   7729, 
	  6992,   6058,   6083,   7003,   8549, 
	  6722,   6807,   6911,   6945,   7361, 
	  8040,   7006,   9021,   6547,   6597, 
	  6639,   7086,   7106,   8047,   6534, 
	  7910,   7262,   8283,   8294,   8195, 
	  6807,   5756,   6783,   8071,   7574, 
	  7266,   7636,   7790,   8259,   9024, 
	  9022,   9023,   6765,   6840,   6779, 
	  7771,   7765,   7777,   6768,   8945, 
	  6820,   8612,   7601,   7705,   6974, 
	  5725,   6979,   8258,   7822,   6541, 
	  7203,   7344,   7197,   7318,   8242, 
	  9022,   6558,   6555,   6540,   6960, 
	  6961,   7699,   6981,   8527,   7222, 
	  7829,   7899,   7834,   6431,   6115, 
	  6156,   8004,   6929,   6914,   7651, 
	  7157,   7761,   9015,   9017,   8067, 
	  6691,   6687,   6689,   7492,   7502, 
	  7541,   6974,   7591,   6974,   8434, 
	  6780,   8140,   6825,   6512,   6526, 
	  7870,   7821,   6821,   7336,   7326, 
	  7317,   7934,   7551,   8995,   5969, 
	  6756,   6798,   7422,   6177,   8985, 
	  6970,   8053,   7875,   8115,   7781, 
	  7893,   6736,   6093,   6056,   8131, 
	  7355,   7371,   7505,   7519,   7798, 
	  9023,   7800,   8999,   6873,   6881, 
	  6890,   7810,   7418,   8014,   7604, 
	  7987,   7746,   8988,   6980,   8989, 
	  6810,   6807,   5845,   7656,   7712, 
	  6971,   7528,   7553,   7598,   7903, 
	  7700,   9024,   6154,   6273,   6328, 
	  6330,   6335,   7984,   7013,   7827, 
	  7820,   7967,   7929,   7995,   5970, 
	  5832,   5720,   7939,   6025,   6072, 
	  7405,   6247,   7520,   8448,   8551, 
	  8115,   6483,   6451,   6422,   7710, 
	  7549,   7567,   5960,   7359,   5909, 
	  9023,   7608,   6960,   6290,   6197, 
	  6137,   8182,   6677,   6692,   6893, 
	  6898,   6984,   7855,   6947,   8702, 
	  6521,   6523,   6372,   7095,   7091, 
	  7876,   7025,   9000,   7459,   7845, 
	  9019,   8015,   6466,   5856,   5794, 
	  8516,   7226,   7165,   7356,   8062, 
	  7735,   8066,   9019,   9022,   7053, 
	  6905,   6795,   7969,   7794,   7752, 
	  7955,   9022,   6952,   9023,   9015, 
	  7768,   6954,   5749,   5734,   7329, 
	  7838,   5959,   7625,   7212,   7151, 
	  7455,   9024,   9027,   6430,   6688, 
	  6728,   6546,   6600,   7968,   7172, 
	  9018,   7815,   7785,   7940,   7899, 
	  5843,   5910,   5982,   7816,   7023, 
	  6715,   7453,   6972,   7863,   9019, 
	  9027,   8263,   6700,   6713,   6732, 
	  7636,   7609,   7574,   6660,   7595, 
	  6687,   8946,   7022,   7741,   6495, 
	  6680,   6438,   8179,   8664,   7429, 
	  7264,   7248,   7236,   7920,   7978, 
	  9004,   5633,   7020,   6933,   6945, 
	  6983,   8771,   6964,   9018,   7846, 
	  7916,   8050,   8094,   6210,   6245, 
	  6369,   8016,   7200,   7334,   7219, 
	  7574,   7837,   9020,   8412,   9026, 
	  7072,   6997,   6992,   7755,   7831, 
	  7921,   8004,   9000,   7377,   8889, 
	  7565,   9026,   6955,   6955,   6219, 
	  7627,   8062,   7036,   7535,   7693, 
	  7725,   7733,   8639,   8746